ASCII/am1.txt
ncols         489
nrows         533
xllcorner     593175.11526712
yllcorner     2721796.0885475
cellsize      29.615804956512
NODATA_value  -9999
[rows 253 to 275 of 533, columns 153 to 203 of 489]
551774701.136134 287200554.780396 204294454.941940 153022005.137611 155765287.022162 155765287.022162 117010167.374797 97173615.135742 62907705.949004 41208391.348760 28898282.077544 28898282.077544 24818027.770719 31156527.473111 31156527.473111 32955965.917667 5343031.087897 3966681.474843 2590766.721478 1609425.982769 1930010.548339 1398455.375307 1398455.375307 1369145.573429 1652705.658586 1268243.665364 1840420.142597 2471811.750556 2471811.750556 1725272.464397 3988594.259941 2579740.249078 2579740.249078 835026.309118 835026.309118 567633.713276 542074.231234 542074.231234 724602.189873 468577.675503 558909.136013 558909.136013 785773.569562 1153674.921153 980438.606794 669824.240689 482230.993263 669824.240689 985721.815705 445003.292638 321531.959131
857660222.321166 296191065.168356 296191065.168356 212663314.614335 224848240.212265 234145384.237448 177735626.831178 101476344.602283 65551135.163021 69462332.124417 44325585.824543 30219507.118749 30219507.118749 30219507.118749 45011520.049079 47960397.583860 7868279.029582 4069755.284558 2590766.721478 2931229.854913 1930010.548339 1813864.543229 1369145.573429 1369145.573429 1670432.410657 2418458.248769 1840420.142597 2939806.759900 3984879.896022 2647389.777132 4090148.504716 4062954.925686 1313324.385012 1178243.552524 889044.987816 878904.205498 912708.656855 912708.656855 770501.753760 770501.753760 785773.569562 785773.569562 1153674.921153 1153674.921153 1242818.195539 669824.240689 669824.240689 985721.815705 985721.815705 1030673.022793 705106.466042
468466145.271878 460586941.875121 460586941.875121 322068755.705853 335767206.834278 350994140.614539 156374841.154051 105915165.978359 112345960.987401 69462332.124417 44325585.824543 44325585.824543 44395176.796688 45011520.049079 45011520.049079 65815408.538521 5902468.804434 4116628.040730 4815203.710367 3084728.825806 2889815.568186 1813864.543229 1813864.543229 1670432.410657 1670432.410657 2457744.524621 3924102.811673 2939806.759900 4775133.754453 6163161.202686 6163161.202686 2004092.440672 1828570.035460 1178243.552524 1178243.552524 1171961.831813 1291331.046440 1216717.875113 1245655.781608 1253174.225078 1253174.225078 1231980.187851 1775580.255566 1775580.255566 1501247.368225 999491.594546 999491.594546 1501462.320460 1501462.320460 1083008.741564 705106.466042
1120151639.827097 702150378.191714 702150378.191714 518170966.429105 518170966.429105 543456708.560871 169022881.469063 186374698.264580 118274339.741038 75727976.975579 75727976.975579 73816452.959180 72909365.862971 72167172.656208 69157803.586138 96544586.579825 8536567.350694 6024510.974951 5094903.152222 4762188.943464 2889815.568186 3408860.663628 2164527.939024 2164527.939024 2164527.939024 3351321.460508 3924102.811673 6535338.750756 4676989.668529 6673184.970510 2994231.591441 2831160.499892 1828570.035460 1731725.917542 1731725.917542 1731725.917542 1486629.069477 1742612.194800 1861507.658967 1861507.658967 1812863.570692 1812863.570692 2548111.045583 2548111.045583 1501247.368225 1501247.368225 1535193.396777 2311576.873412 2227974.403508 1083008.741564 739785.633582
1893999264.847890 1120151639.827097 1008836109.455099 804030085.498130 824157202.500632 861990951.674349 272489087.785660 311330331.901938 203904835.160144 134969969.649959 134969969.649959 129911388.860139 123160262.751756 118088457.149557 113002044.787562 13421228.928185 13421228.928185 9293487.637553 7826905.519764 4764670.256056 5578455.779411 3408860.663628 3408860.663628 3212166.924287 3212166.924287 3351321.460508 5490782.258635 7437022.985614 10978158.407669 16507462.102378 4132205.679995 2894646.574517 2894646.574517 2864184.084281 2648965.277518 2648965.277518 2113045.925079 2448195.015717 2663339.923741 2700350.868642 2700350.868642 2610729.781307 3427306.668562 3427306.668562 2131085.840953 2350256.227303 2451894.361421 3591441.778503 1667421.436591 1175878.635782 1117816.745132
1893999264.847890 1893999264.847890 1711460154.324626 1711460154.324626 1412803151.416219 1446680890.342781 456637335.925169 531343934.205396 353082280.750766 235649941.827357 237933203.255212 209696361.666228 209696361.666228 193057837.095512 193057837.095512 21551428.206938 21481363.229947 14279605.858295 7757179.464623 9103617.274666 5495523.809115 5484643.158890 5008516.129501 5008516.129501 5008516.129501 4878522.345661 5187802.355004 7437022.985614 10978158.407669 16507462.102378 21869332.806752 4324771.673989 4524503.684557 4357767.258864 4298962.590008 4298962.590008 3290217.241558 3883800.491511 3883800.491511 4032449.921691 4185794.807216 4185794.807216 5635962.518498 5644859.370279 3427598.801904 3427598.801904 3860002.020737 2391585.476788 1716062.863235 3193207.636837 2187810.585793
3366053344.500657 3366053344.500657 3087897976.189666 3040896447.097062 2474654757.612053 2496319002.788317 777039876.030070 898849944.664029 598464279.327245 403497198.259657 361259876.146651 359976882.041625 359976882.041625 325559246.856227 316412610.163709 33958922.935304 22036926.231070 11925786.427988 14748592.084355 13878642.144891 8411191.894045 7678716.867529 7727671.630624 7727671.630624 7431314.243940 7431314.243940 6845024.593901 10574128.765448 17416306.396343 16507462.102378 24919093.816310 31960212.776109 6354439.879204 6615184.818759 6735476.253968 4974722.936997 5833511.055429 5674193.455483 5674193.455483 5674193.455483 6605158.294070 6930303.755743 6930303.755743 5623373.756941 5623373.756941 5431236.889978 3688532.199175 2591621.241465 2591621.241465 3193207.636837 3045466.606068
5615940799.142439 5932235145.739240 5454972129.072791 5255871718.401122 4203260693.740990 4161140611.602273 1274263312.379395 1443700492.366045 643680137.854207 580701942.504707 601270185.196078 612173621.762329 612173621.762329 550351111.562682 53710619.920436 34371361.061116 18641412.648776 23038951.470167 22790011.675830 13878642.144891 11536930.740803 11085599.743337 11085599.743337 11508758.955234 11487087.184536 11311191.904466 10574128.765448 10574128.765448 17416306.396343 28549648.400367 36567755.139209 44875720.162847 9064682.607111 9064682.607111 7536159.643996 8861890.802972 8451079.965431 7938913.953535 7938913.953535 7938913.953535 10000133.985171 10000133.985171 7730599.547730 7730599.547730 8381175.431685 8331244.714044 4122845.533837 4125397.344464 4926532.155643 4536374.677095 4407963.713198
9375491504.816763 9375491504.816763 8525945915.282637 6823128267.675893 6527387397.320926 6527387397.320926 2156430573.468868 978058346.469504 901844211.904832 955916527.288462 955916527.288462 1011275609.449766 1021020192.323642 86441429.843801 54592142.291108 29056875.350740 35332297.150281 34307729.724490 22479231.521479 19219457.229049 17405325.744686 16682953.826805 16682953.826805 17579682.715526 17579682.715526 17920197.776997 17486478.136332 17486478.136332 17914106.610283 28134740.755509 54968415.886865 66539994.303745 12694728.798973 10643242.427359 13139175.514411 12747879.701927 11825409.003236 11139942.999573 11139942.999573 11139942.999573 11281310.538977 9549648.730273 10674105.894852 10674105.894852 10674105.894852 12815161.534786 6455735.608160 8035691.977380 7312780.733957 6857363.849510 6857363.849510
15857765064.184483 15431585763.839247 13807676070.547564 11078822184.036886 10633423581.735664 10633423581.735664 3392571296.591369 1498522412.651795 1490322604.401907 1490322604.401907 1503845975.106144 1669186827.960294 141389299.843455 88457961.219158 46589171.794156 55784127.557961 53240094.191379 34307729.724490 34307729.724490 28480651.073402 26841827.110322 26841827.110322 27100698.438115 29012171.535041 28870783.074725 29375651.424330 29375651.424330 29048033.985540 28696254.700303 44251187.235408 88031917.462687 107271998.864895 16452924.173268 16452924.173268 19736607.992177 18004343.143243 16461773.673612 16461773.673612 15661709.947946 15416377.630366 15373051.968681 13837705.330352 16631081.054579 16907062.453310 16641259.153682 16641259.153682 12401039.151810 11787927.391912 11210251.236475 11123847.086611 11123847.086611
26659088663.163189 26042225123.566891 18863135329.796150 18863135329.796150 18038364922.039581 5630797675.195793 5630797675.195793 2420750912.210050 2366789171.298040 2333631741.985370 2333631741.985370 224736260.704583 142590905.159511 75617775.488166 90545467.546262 86399740.912493 55944566.261295 55726111.144675 46317239.179361 63696071.873980 40136712.951649 40798595.109666 40798595.109666 40798595.109666 44574144.116152 44574144.116152 47470474.469484 47470474.469484 46836653.341496 73603516.637738 73603516.637738 27647899.789792 27647899.789792 27350449.234077 32437274.545404 26894212.012714 26894212.012714 26036516.843719 23316754.777747 23053141.248461 24269184.538686 23002130.502529 28459744.445484 29136534.310939 28339011.892576 27230395.014169 19429311.169277 17591982.747209 17591982.747209 17893929.106805 18882985.396471
43235721299.724113 43235721299.724113 30186846646.031895 13270136137.311050 9055665261.053570 9105020145.691788 3909950318.794759 3778844052.421387 3685873266.956287 3685873266.956287 3719789651.787633 233639514.548973 123538673.512808 146962192.559153 139143778.163820 90848076.542604 92140867.867762 77140503.578040 107073539.102551 90145738.207760 54070021.538634 54070021.538634 52589445.273173 52589445.273173 52997798.930594 63706261.007872 63706261.007872 74808913.931033 77199826.446882 77057806.870327 119958548.715589 45079553.612307 44782837.494514 52961195.426887 44037360.669811 43728491.201463 42546372.360555 37441044.072330 37441044.072330 37389979.935105 37389979.935105 40295416.795507 38191659.645861 46894272.510230 47775364.890081 31918513.626866 28472816.717455 28701164.993313 28701164.993313 29229732.687975 31116671.442155
66995861325.725594 62287434821.683014 30336382343.155514 20025824188.653641 13444211108.372177 6050416804.925516 5970973432.413713 5863621540.764750 5845642926.681726 5845642926.681726 5900429863.644488 205407385.457125 247062498.675771 230191540.783741 142639135.645553 142485393.829660 123014951.078828 176919012.873412 155684739.087169 90145738.207760 90145738.207760 80402942.948806 72931914.982896 72931914.982896 79887604.086355 102708036.069156 102708036.069156 104724855.465877 119878096.448975 118107219.230907 704876237.269548 704876237.269548 134798245.049583 102868913.300845 69036539.932757 68097000.839358 68097000.839358 61841565.311790 60858209.571787 58166698.598993 58166698.598993 57968171.076739 84543222.089596 58326447.846083 50727750.533096 46720638.326490 46952550.040318 46952550.040318 45941602.878248 63214349.397143 43704639.814214
107147926341.729080 46693166137.466454 30336382343.155514 20025824188.653641 20025824188.653641 8907373684.013361 9270045094.641155 9270045094.641155 9338748890.861856 9344594299.932528 9231035573.276455 399211414.552840 590549296.128260 357113630.659203 220609006.491012 182681641.699013 364960231.232279 246236427.004876 154223658.800512 155341049.281410 155341049.281410 109257252.932062 109257252.932062 109257252.932062 110723654.655614 128088890.218601 169282047.817511 164726936.768409 729560463.029520 707491912.704394 707491912.704394 704876237.269548 850706674.150884 102868913.300845 102868913.300845 108537420.650348 111020553.376751 99827826.102423 85573507.441929 85573507.441929 85573507.441929 84221358.329196 84543222.089596 125717054.829006 69788634.300489 75962623.565776 75340167.813902 70508372.506788 95472488.868853 63214349.397143 63214349.397143
75589481607.653152 48855780015.818726 30349996822.974571 30957048017.264065 13871832485.388361 13871832485.388361 14716898968.286118 15224329521.080074 15394381159.391268 15002016630.669981 600978999.251183 931284178.258184 2097683507.224273 1260301978.230927 801539268.294277 533866077.793339 364960231.232279 236545433.861616 254585968.248849 264978989.048734 343045659.765880 161241548.779707 161241548.779707 158818957.574540 158818957.574540 220954667.819817 511294903.206686 540896828.330339 605495828.087579 605495828.087579 707491912.704394 850706674.150884 850706674.150884 143114946.190892 167103832.396898 167692782.066794 167692782.066794 138182893.364148 130739622.505349 130739622.505349 126271016.115287 126271016.115287 122357280.028998 167095355.328864 171342656.471600 91775572.880929 110704086.348228 148151894.674569 97273376.007426 97273376.007426 95006634.632581
79065181386.562302 73398346275.047302 45501457533.876968 45501457533.876968 21200377193.412804 22013365874.458672 23330749660.814972 25071554489.157459 24278338523.795853 933840063.185775 1380306290.073565 3337704194.611178 2013491701.734340 1227446178.754804 801539268.294277 526359411.989272 340196286.889171 377128268.024573 409876584.643206 1012835469.291410 606168551.649354 291704454.957413 291704454.957413 200590206.226493 200590206.226493 294479619.336136 370071126.851672 422252357.750773 516665168.293721 605495828.087579 825109706.877539 930387537.281489 1167021288.203648 195223323.192110 226650841.002414 236768018.927275 193503717.345478 197474102.510077 201277201.892707 201277201.892707 190696188.675065 178277230.463387 178277230.463387 167095355.328864 223169364.159545 301715453.597367 233523760.155844 160023818.464630 160023818.464630 152723864.412591 152723864.412591
117950330112.204468 73398346275.047302 68128318932.344368 68128318932.344368 31393398870.287064 47955284555.427811 33462770963.625092 34999096701.695999 1465083206.766317 2181992224.564228 5209619827.215569 3268003581.494546 1959869800.247867 1227446178.754804 783340107.724022 487959829.948141 523835380.348319 583017122.329028 1558184287.657465 1796938354.874972 1072467092.677233 520142755.415891 520142755.415891 294479619.336136 294479619.336136 294479619.336136 370071126.851672 422252357.750773 516665168.293721 714670796.643007 825109706.877539 1132937993.760453 1293921233.099752 1625917033.712437 2015633362.738852 289799822.526399 289799822.526399 308841791.242337 332172588.203033 336898569.485910 308478909.537414 270123848.035131 251172202.628587 251172202.628587 227137824.826552 301715453.597367 334835301.655225 247988883.058199 260083253.192243 262619904.786871 262619904.786871
117714637260.047668 113178684230.335480 113178684230.335480 110574827019.831711 48515077115.750031 47955284555.427811 47955284555.427811 12411539333.016420 9442473022.081076 8027658774.183059 5154377602.251669 3162192911.787136 1959869800.247867 1185516113.567915 720661455.941246 6392054984.952415 4554214111.754263 3626503649.995704 2778404399.357975 1796938354.874972 2296147191.709045 1072467092.677233 548267225.150543 513566897.706333 513566897.706333 370071126.851672 370071126.851672 455610867.739821 598403827.085026 852754989.730107 1010839510.262461 1213577032.861345 1382912811.091168 1785588434.538075 2389043079.337153 2527514873.023290 442866092.871712 503618869.367513 503618869.367513 494603907.957736 407401923.309616 359184095.274425 359184095.274425 362404215.268803 362404215.268803 433759237.627629 433759237.627629 351904399.937139 351904399.937139 428989607.013822 428989607.013822
184507541505.315063 184507541505.315063 188861759825.822693 188861759825.822693 76146145807.107986 73583962732.212463 21601439727.061474 14071714596.227692 9442473022.081076 6403135184.255833 4094895391.477419 2537941876.669096 1658185415.682889 1102247961.182377 9968720400.565657 6389473045.812346 4554214111.754263 3626503649.995704 2699234541.321831 3842562098.896784 2296147191.709045 2296147191.709045 1081333646.021160 1026707662.268196 704171515.815371 455610867.739821 455610867.739821 455610867.739821 598403827.085026 816809032.773619 1059546994.989656 1096096343.012958 1213577032.861345 1818333642.493609 2626357287.632461 3297122257.152018 3612374962.994619 734079766.185115 721838345.037500 728386019.510728 514744445.861722 514744445.861722 482393328.849124 482393328.849124 626027574.638491 520563162.692773 625660152.549253 452957643.638247 433115559.311458 558230661.884803 600931407.527899
413161307828.699890 282511192617.290161 274387006085.453918 178303159303.753754 116412177969.812637 34455691090.097107 21601439727.061474 14071714596.227692 9575950499.118511 6274388017.993680 4117239134.974683 2575202199.166920 1658185415.682889 15707772912.051239 9968720400.565657 6389473045.812346 6389473045.812346 4819463047.918594 5621955867.855886 5621955867.855886 5029717411.492599 5029717411.492599 2255236245.467136 1420983155.943404 925479678.477002 871326224.078471 871326224.078471 624412529.409746 624412529.409746 816809032.773619 1011313696.308413 1137932442.023413 1392515040.853497 1818333642.493609 2730292161.867907 4495702286.796808 8435974356.736248 52075565626.702232 54594865501.636559 728386019.510728 728386019.510728 651092632.497753 651092632.497753 626027574.638491 626027574.638491 778426257.699445 968446556.355192 597977125.829095 587455143.075431 772705472.524962 857063200.920296
595384696769.201660 413161307828.699890 402528901874.184692 178303159303.753754 58129813230.228630 37611716504.464691 24223962942.507198 15345263917.675432 9650270210.092113 6274388017.993680 4117239134.974683 2575202199.166920 23728702075.870190 15957403998.442110 10397231026.742981 9814066353.670723 9814066353.670723 7920692029.709690 7920692029.709690 7842500522.568146 10718989502.085844 5593082575.952185 2742956264.366350 2742956264.366350 1733451868.084130 1714007447.053282 1714007447.053282 1151669610.270606 1151669610.270606 812037256.973847 1011313696.308413 1137932442.023413 1306395706.150547 2161910676.861588 3094059845.296142 5776150846.469864 16698118128.758434 28143565284.020367 43709536133.015106 43709536133.015106 53222293697.332390 845701873.646281 845701873.646281 776080229.970088 776080229.970088 778426257.699445 993580367.518134 1266472758.064383 825677129.846979 1138819998.763041 1303304662.381368
897400314695.527466 638870615602.239990 293160091289.413269 94490978661.892868 58129813230.228630 37611716504.464691 673445922584.722534 412214905093.281006 258698153576.545654 166631358961.268036 114764458402.864365 75393694214.334702 48220169686.895996 32773355198.414280 22136878864.747372 15571598629.799143 15571598629.799143 12741302586.499605 12088534304.500322 16025827333.440882 10909649298.378435 5593082575.952185 5295191545.857952 3303879183.880223 3315762753.818048 3370068706.875370 3370068706.875370 2237159478.933327 2062041338.858096 2062041338.858096 1137932442.023413 2061866296.819079 2161910676.861588 2161910676.861588 3640476356.908924 5776150846.469864 9775313203.913315 16698118128.758434 28143565284.020367 43709536133.015106 56157553157.016693 694773453.177123 811609365.692396 811609365.692396 775965808.469437 978684074.676724 993580367.518134 1266472758.064383 152763082.246372 152763082.246372 184008851.635983
1325985891934.432617 918120346948.367310 151668892454.776062 97659876509.842773 60345772430.591118 1093350649244.700317 662822128055.461182 402823383533.036438 258698153576.545654 166631358961.268036 114764458402.864365 75393694214.334702 48220169686.895996 36022101058.654663 22136878864.747372 22136878864.747372 22136878864.747372 30578258311.741619 20244253313.864067 14651935068.562666 10909649298.378435 10561853253.752396 6428101932.107261 6411841690.106711 6573672885.549892 6573672885.549892 6659331322.275898 4033047132.932970 3834751399.202379 3834751399.202379 2061866296.819079 3751415985.816931 3889050903.292182 3889050903.292182 5776150846.469864 5776150846.469864 9775313203.913315 17234543258.101990 30669461834.822361 55214077081.899185 53222293697.332390 694773453.177123 694773453.177123 775965808.469437 806888235.647396 1037795317.949752 1247075802.310484 114893664.469654 114893664.469654 124819355.982076 103833488.908910
