ASCII/am1.txt
ncols         489
nrows         533
xllcorner     593175.11526712
yllcorner     2721796.0885475
cellsize      29.615804956512
NODATA_value  -9999
[rows 414 to 436 of 533, columns 255 to 305 of 489]
4518046.910706 8270165.526819 13806371.300768 3503288042.204847 5624761707.537385 3442442864.573510 6408331159.746615 6546481434.847091 13072810418.860912 13157183886.869917 6729233.201349 3085255.503773 1353382.059328 624491.895587 581131.411560 419871.794239 259282.356373 182728.166969 95885.968190 108319.102280 112019.703806 224301.834120 224301.834120 467785.813711 930364.388953 340408.945966 393414.638632 416990.349289 555643.885848 338295.044851 757691.813121 800772.716605 613824.460705 444199.210930 106799.593529 174144.375926 347697.179948 41298.259892 41298.259892 87269.632161 1234535.464336 679476.740607 306025.402020 174183.645722 111826.194765 72256.995553 44189.888582 30532.590409 30005.749460 12092.876495 12059.926524
7973872.377033 13794984.613968 25000823.378613 1903106745.599010 1915381784.108124 1802226871.950642 3149059278.742787 3151880015.962256 6370526337.988214 13157183886.869917 6729233.201349 3019594.423044 1328093.203162 423985.504949 200946.945321 117900.550940 124595.555800 136697.828771 44983.636763 49378.124611 50286.102596 112403.081539 224976.085433 467890.597733 94738.459121 340408.945966 187898.169354 198661.115071 430509.841620 674761.266690 760143.703828 800772.716605 243573.669064 178354.722840 79318.351792 111170.235502 221981.134645 41298.259892 21300.527911 42063.103665 1234535.464336 589985.763942 311452.761547 300368.560912 168042.711983 2823265.632858 1732275.888870 1702251.575580 2907.764135 11848.245765 8893.515648
3835122.995597 28366401.759014 2114034718.098590 904071338.182159 923278333.761839 920667375.737169 1701610138.643328 3159788596.083068 6237395371.185628 393822527.383963 792241513.421473 2996033.036861 239379.760291 423985.504949 423985.504949 80442.717778 59323.216853 44931.116128 75014.811737 50403.758535 48466.850881 39829.307864 85193.279131 107239.410549 46082.310898 45955.473790 81091.006897 151400.234608 246441.128051 108306.185877 212041.335667 1663180.454031 124818.461894 70703.238912 57406.873447 58497.437231 109180.315079 21916.719638 11647.486102 11686.866253 11111.912955 1065267.105694 598100.374960 579103.902487 258298.498477 2823265.632858 1702251.575580 1105717.075100 1919.966490 4888.047125 6617.631365
1974020.868448 7461840.457120 959606162.934001 906904697.756022 471154108.407864 907069238.739571 201347452.997587 189000230.282797 189602763.016939 378517400.987809 792241513.421473 5492259.091861 239379.760291 108397.521404 51110.516031 26816.736479 19076.999749 24902.219303 48014.563029 84039.052103 48608.278859 39124.710945 33180.024645 33180.024645 46100.784998 26472.689832 61174.088490 42823.586492 112600.261096 116860.343272 116860.343272 260617.790743 295226.020105 129342.507045 30937.228689 14344.532637 14344.532637 10474.033395 5861.118826 5759.105891 6162.884717 6162.884717 1083342.557943 1049965.375576 418680.964161 1145670.624735 1081568.886570 663359.071746 2825.118236 7310.620786 8646.441821
1056393.283274 3825701.553935 959606162.934001 453168990.043226 258058770.543719 121029195.685067 189000230.282797 115462573.455185 189627711.047336 111320078.180264 245970671.601707 507875.767367 227546.657795 108085.705315 101018.036174 51960.174737 137333.142547 76707.965928 43550.723895 25122.033498 56398.878717 16490.885744 23821.111265 33180.024645 4733.385574 13900.151025 29453.947295 53539.246893 41524.106097 62916.114505 119413.858633 260617.790743 522554.203530 295226.020105 13909.534250 14787.706973 7847.127343 5847.459301 3400.168251 5741.708514 3339.316957 6162.884717 1989447.410541 780963.175227 2173544.439377 1165835.573401 663769.427823 410421.950833 4146.468617 10735.109222 11289.475704
1075165.002443 2051521.895079 296646500.927193 143170588.828758 143218837.466722 76098234.982345 74799564.935927 109306435.034066 62617001.941784 111626573.424099 223050537.449979 25903305.527925 13099437.942667 205573.522689 100705.747651 100705.747651 256782.280766 135324.025677 75551.086674 42026.466000 24255.458724 21473.151126 19230.521829 1755.201398 4175.869814 23234.812608 43002.751026 65820.422508 68613.145667 60309.420723 119007.768940 232825.233816 4301.757598 1518.354265 13909.534250 7613.682392 4896.803706 7454.732584 3217.942598 1949.226634 3217.942598 1266301.953663 667465.051128 341273.122562 341273.122562 1145670.624735 408291.485860 250322.939026 6019.192044 8235.369213 8235.319922
1980355.828042 3757093.273665 305661339.707734 143188312.818214 77071152.923466 52256625.910897 74799564.935927 36919125.689506 36800664.350960 73293418.532035 223050537.449979 13339262.452521 6984163.648570 4430557.654218 889358.110312 515058.604011 262836.942050 143954.993130 141611.047079 20201.840170 11406.788163 10095.167942 9731.353835 3563.726502 5567.195800 30326.710486 14603.390835 41524.106097 64496.944078 94827.819221 105315.499975 2093.978420 2079.614336 753.341942 739.687314 1080.366416 4621.579409 3076.948002 1037.194885 1207.861155 1873.197302 679262.495907 359088.944652 177795.465153 341273.122562 168232.936793 249050.044250 137372.286741 8849.536667 6099.715971 8215.217285
9717.436933 19836.481912 296340355.200598 143166931.497600 140666582.985041 51671140.221052 36900099.746036 24789145.325141 37564425.338900 73293418.532035 48248701.711769 6740065.438644 4326823.816470 4178519.792012 2367073.299101 906669.465929 904548.346836 244857.683815 37208.926959 20580.938048 11641.890092 11211.880827 5529.650512 3874.849458 5682.464928 16881.391903 13598.219048 18948.112212 81213.221220 105315.499975 1611.907546 1249.116793 1249.901166 462.294378 624.819352 645.990731 1080.366416 2116.852607 1378.372347 899.755749 1744.620902 2635.502689 667465.051128 171069.848806 117059.948250 114378.794918 136678.778618 90587.142421 13013.777788 4729.228157 4717.881652
9747.356921 5368.709387 159413272.944954 94903918.682413 55755549.721640 34008283.705861 28911638.864612 24646948.036836 16016769.881361 24663324.207337 10215358.982194 5538822.020068 3039708.067370 2407678.372543 1608191.142820 1524344.569760 1428235.680174 2174897.591589 37208.926959 20174.878273 20174.878273 3938.424582 2787.880975 2622.723372 3354.019996 10173.378848 4612.750006 12495.947807 17243.412357 1611.907546 1470.042910 964.477268 1227.500509 611.872685 461.810442 2016.600104 2083.729431 1832.596510 1799.665384 1175.120158 1322.539479 3097.843098 5170.897599 274883.336644 114378.794918 69052.688846 66581.066496 65659.902494 19137.526590 6954.414263 6954.483644
2856.557610 5131.139387 5131.139387 1734910.353914 54784279.235081 54784279.235081 13738051.196523 20250837.005449 15734754.753339 10242010.853779 5729678.749236 3146410.939659 1868392.765974 2448184.328637 2401207.425700 4228560.587562 15829.914770 15829.914770 16300.898756 6084.740116 6084.740116 4960.265718 2273.050865 1939.620358 4203.477776 4612.750006 7687.858248 8113.150752 24934.160292 1637.137927 930.307986 880.118290 416.554738 591.765099 1283.704778 2016.600104 3057.351805 1772.301056 1542.844317 1534.350387 1728.000579 1757.707990 3046.404557 218518.129829 218518.129829 117888.876611 38459.448134 38218.593788 28142.887890 10222.835339 10222.774120
1806.789797 2953.361063 5131.139387 1734910.353914 1118631.232639 672928.481203 440466.395357 374636.974976 550872.973085 809982.842743 1072400.845154 1402139.154108 1865069.113512 1867773.530344 2949845.053564 7699482.469633 15829.914770 8260.420273 8101.200505 4960.265718 3205.272487 3194.102726 1119.695557 1885.458708 1646.893307 12560.495710 8533.257811 12818.752062 24934.160292 872.677952 543.996062 599.808205 315.013764 824.378645 1276.658898 2016.600104 903.856655 903.856655 903.856655 1308.561640 1335.272869 1729.328275 3196.976732 218518.129829 122378.320810 69013.139693 117888.876611 20670.971428 20609.509022 15033.356314 15033.251282
1075.110102 1060.777039 1838.271997 1734910.353914 1093872.521977 1093872.521977 669342.811760 332209.024048 489667.796221 719963.914196 1058771.518590 1404803.284518 1401662.676664 3051511.463335 5006999.701160 33234.009821 16313.858973 8128.847969 5157.441241 3262.638021 2441.460254 3140.219696 1119.695557 1117.406773 1119.695557 788.327186 12560.495710 808.982886 1432.390447 1432.390447 2431.306868 434.455536 411.803353 531.138622 575.363310 575.363310 559.370293 561.045048 917.029061 1007.555613 1292.131889 1803.111326 3363.768778 222476.713055 119747.532676 68228.227710 38232.815518 38127.963618 12822.304695 12817.622397 12817.532845
577.234014 1060.713394 2017.970227 1562.096995 1291.054304 4418126.376937 2476642.526069 1427717.538022 928874.487776 720136.341025 1061309.320327 1058721.861354 1058725.030965 5177678.306973 8498767.071552 33234.009821 16005.983873 9109.822532 5253.184289 9109.822532 3194.602021 1311.599709 1306.276063 1889.991155 599.185250 459.091651 451.439303 467.453661 842.575091 1464.904278 2431.306868 404.987813 323.938425 322.118835 295.746284 300.946133 300.931980 559.484405 603.818227 966.823446 2567.942127 2611.322373 4736.106447 233322.337388 123528.181915 68529.536735 120968.728482 22313.766398 12821.191690 10473.455045 10471.390369
565.718808 682.503476 820.304229 833.780187 822.158117 4418126.376937 4418126.376937 2464649.541401 1420876.019986 720149.991483 720124.127458 810103.272106 810049.119305 8781631.535994 14137750.753005 37514920.696395 17817.073071 9262.293632 9270.783986 9269.563270 5791.569284 2275.183051 731.500282 717.058016 363.525136 293.927269 305.994453 459.402241 713.089884 1432.390447 2431.306868 11.780537 11.780537 173.821079 172.528677 179.058463 295.592376 408.077864 603.775971 1597.107548 1605.621728 2567.942127 6809.785513 233322.337388 233322.337388 120711.853657 224534.746455 10390.152495 8890.871200 8928.257313 10448.501662
322.036924 247.412093 247.412093 447.965916 820.304229 1052.995764 2149.533568 3211162.023739 1868959.082381 1048571.027447 489709.810891 551052.146114 618311.832441 14373328.093802 21949643.480303 103116.599907 66605.692909 27515.823752 16743.880985 16570.967175 26654.094829 1373.283007 729.629477 640.327008 294.716437 189.784462 186.077975 377.615844 639.838546 72.745931 72.745931 8.317819 6.127919 94.411432 100.612819 174.952124 253.648519 414.572538 1045.904221 1051.515497 1597.107548 1964.691020 3828.678636 6809.785513 6921.323013 6921.323013 6336.622518 5699.232991 5710.669126 8909.088595 6058.627633
174.645361 129.367150 252.101789 439.064782 645.883720 1055.317620 1565.577788 3211162.023739 1864372.725476 1864372.725476 818639.845141 836499.655788 258596.332241 158786.669448 104802.246966 69011.623748 53045.036063 28457.470272 27586.511903 27156.817712 41051.099662 482.962557 256.586628 460.811710 151.594455 175.063066 189.867453 370.044366 639.838546 36.330303 37.078925 4.345459 3.393761 60.820016 61.999567 98.421905 189.075524 653.028266 658.008913 1051.386851 1230.139262 1970.923020 2329.336206 4461.058601 6921.323013 4439.457383 4429.221925 4438.140385 5698.442527 3875.397227 5291.054761
70.476023 124.714151 247.412093 418.222957 3062.993514 3062.993514 2423.831369 2736.056768 2736.056768 1582124.889592 1582124.889592 1555633.540908 507521.785369 194046.696450 108387.404911 194191.626547 67931.012987 50479.659754 54219.150308 41159.269310 751.226542 425.027564 252.822615 299.368427 214.955976 136.451180 104.720641 81.622903 87.611743 67.916865 18.254564 3.293873 4.434585 42.199051 60.830535 111.521909 189.075524 1827.173263 1051.456927 1226.688587 1233.372813 1641.146366 2374.052473 4461.058601 2617.657554 4419.454930 3625.205539 4428.585524 3011.693601 4298.615104 7599.213361
69.040262 124.398428 236.227087 3062.993514 1570.310788 1542.240469 1332.644281 1469.300339 1618.672907 1618.672907 2385.624978 2516.610735 4429.586178 369313.106273 190948.744027 362264.312121 133880.753832 133880.753832 76034.465010 76034.465010 795.145562 430.388756 252.824632 131.740675 97.070991 73.542903 59.774148 45.627991 47.724111 38.203141 10.319237 3.746721 5.784853 25.745185 41.351622 88.484736 85.337098 1827.173263 1827.173263 1603.789302 1603.789302 2329.336206 690.852803 1007.702004 1710.332877 2622.950458 3609.737346 2454.763469 3528.034903 5840.803989 7581.397078
46.048885 88.695758 418.222957 1959.839210 1959.839210 819.688221 817.293281 926.269638 1468.640889 1618.672907 1285.466114 1304.328326 4852.372328 6944.554604 7368.643569 133.950471 133.950471 64.850183 64.850183 58.102459 58.102459 549.947450 306.259800 180.366724 98.829849 61.245896 45.624896 39.243759 34.588660 28.954928 11.746397 4.262379 7.561452 15.471182 24.870057 38.007039 84.061427 175.803590 175.803590 848.423593 848.423593 504.490200 692.773374 1703.133731 1710.515113 2231.507592 3046.711518 5322.590450 5853.571987 5853.437648 520.475393
31.306489 61.407330 4083.745453 1985.454308 1083.949321 1049.413135 784.913395 1108.463310 280.516659 628.283443 1269.606281 2458.018471 190.796686 190.796686 171.584610 59.566100 117.424440 58.253427 49.225087 35.017080 58.102459 549.947450 300.112888 300.112888 173.719520 95.450058 64.906043 35.188642 21.603701 19.982252 22.651356 8.231776 8.611666 9.904867 8.481008 56.447570 118.887178 250.095859 175.803590 848.423593 535.403528 372.686365 502.099080 3400.196252 2236.174755 2236.782644 3481.279101 10595.451181 11706.409261 10066.227224 520.475393
19.817888 37.936262 20.083873 2126.368833 1065.009513 626.626268 606.917825 601.652116 422.173781 1017.099266 1433.199980 1414.974364 174.827914 95.350127 121.799835 59.566100 75.074996 38.568113 23.274962 38.343914 90.515499 94.933009 119.146806 188.203334 188.203334 120.269568 120.269568 63.590795 33.989493 12.093419 20.024991 12.551968 9.807794 11.274529 11.275871 36.140144 17.511805 35.647590 175.803590 532.629593 314.458391 258.661576 370.977273 796.216437 3400.196252 3489.634171 3489.515807 6847.696270 2862.428979 1457.554788 1270.851189
8.375075 8.355048 9.094642 8.959294 18.517011 606.917825 473.346755 302.705605 343.435606 121.592395 39.529639 71.108998 60.814905 92.668712 33.327672 54.943700 14.546669 38.303723 12.062098 19.407797 50.605774 50.617115 87.823905 126.027415 191.434597 333.234068 2.136255 38.360088 19.990391 19.657491 14.195206 17.579749 12.820418 12.820973 42.512215 23.143848 32.454145 35.647590 216.922807 312.875865 188.056223 187.965634 257.571277 398.507071 732.320290 6118.335883 6103.796639 6847.696270 1549.119646 764.136944 644.544395
8.355048 4.936965 4.944759 9.113860 18.517011 297.315104 275.810850 223.694551 149.683732 152.315803 92.581331 39.529639 34.116468 62.741824 19.631999 34.050945 19.702832 18.260123 7.464090 10.003325 31.037664 50.750926 84.873411 188.203334 188.203334 0.733946 1.075246 1.058020 0.810848 5.463477 9.404985 23.746066 14.601240 34.707789 25.202700 18.542104 21.767338 26.213253 88.001626 180.364314 126.730555 187.577259 230.185259 398.588187 814.775253 12285.647441 12285.647441 1076.553936 1076.553936 762.532575 356.911153
