ASCII/am1.txt
ncols         489
nrows         533
xllcorner     593175.11526712
yllcorner     2721796.0885475
cellsize      29.615804956512
NODATA_value  -9999
[rows 138 to 160 of 533, columns 306 to 356 of 489]
9107027.333661 6184215.122409 4077691.075069 2687614.760479 1768313.301636 1141306.687714 887823.698959 618973.750012 533831.391122 159035.335358 385591.611519 143508.334805 62846.758375 15920.093125 15920.093125 14515.986377 27251.278322 69720.237332 185085.341487 450478.917690 1077945.626250 1547688.054764 2196457.560932 5605064.456933 8457723.747346 12752114.343672 19373870.790940 29949221.700209 47828913.004103 1777543.126498 451.454425 451.454425 459.390518 684.860174 780.630175 1179.290541 657752673.822031 657752673.822031 2658842203.473148 2594306773.183629 6120474095.228274 6093115569.334579 -9999.000000 -9999.000000 -9999.000000 -9999.000000 -9999.000000 -9999.000000 -9999.000000 -9999.000000 -9999.000000
8846255.701350 5986401.357872 3918879.661493 2687614.760479 1758019.017129 1344955.531356 887823.698959 887823.698959 234585.791397 613934.367022 383605.027913 143508.765323 143506.038708 29427.935882 9155.622248 9155.622248 14515.986377 36320.969707 97335.628339 243145.857851 97119.247542 234507.177293 142275.321304 142275.321304 209027.643340 326466.585078 510536.324393 707547.822456 1109747.232559 381883.062683 309.311790 309.311790 320.866826 496.853265 496.853265 689.675893 689.675893 1471.879658 1492.012943 2360.704670 3676.453022 4745.671158 -9999.000000 -9999.000000 -9999.000000 -9999.000000 -9999.000000 -9999.000000 -9999.000000 -9999.000000 -9999.000000
4027356.472840 2714090.424696 1753723.475923 1217880.390333 910015.395241 624507.880515 427970.661709 326493.516670 907575.438853 591061.658931 383607.712976 9482.751948 3858.860236 3858.856377 15920.093125 6107.142459 6107.142459 14582.841573 15636.325539 38234.536876 95252.922595 242538.637412 94972.291167 135405.430512 209027.643340 326466.585078 449158.859254 689885.846109 234853.983231 171.813687 194.749598 196.601360 196.601360 306.476782 416.068800 416.068800 894.708705 894.708705 1435.806283 2384.913240 3262.436240 -9999.000000 -9999.000000 -9999.000000 -9999.000000 -9999.000000 -9999.000000 -9999.000000 -9999.000000 -9999.000000 -9999.000000
4027356.472840 2714090.424696 1798671.532764 1217880.390333 910015.395241 624507.880515 80671.694743 53583.535232 59006.288387 38394.965574 25558.339920 9742.550978 3858.864095 1980.828161 9155.622248 9155.622248 2764.196560 6107.142459 15636.325539 38234.536876 95252.922595 39910.657763 94972.291167 135405.430512 203715.279406 303253.103075 449158.859254 148407.256711 104.188547 111.133337 115.179074 115.179074 179.535157 179.535157 250.009185 557.441439 557.441439 897.078403 1435.806283 1983.511511 -9999.000000 -9999.000000 -9999.000000 -9999.000000 -9999.000000 -9999.000000 -9999.000000 -9999.000000 -9999.000000 -9999.000000 -9999.000000
4186421.975986 2940045.186904 1852917.585843 1247363.643659 921976.828661 125210.077146 80671.694743 53583.535232 33087.768842 21170.996909 12845.267767 4994.410793 1980.836084 951.814269 1008.218426 1008.218426 1205.183080 1205.183080 3060.709819 6977.861012 15961.800328 39910.657763 57781.108787 81762.809042 121553.033456 72515.762815 100524.762077 50.210068 63.623990 66.275553 69.823692 69.823692 108.072464 150.917030 230.221282 339.906465 557.441439 897.078403 1310.622524 1.000000 -9999.000000 -9999.000000 -9999.000000 -9999.000000 -9999.000000 -9999.000000 -9999.000000 -9999.000000 -9999.000000 -9999.000000 -9999.000000
4303835.448446 2841481.424410 1852917.585843 1227557.439055 1227557.439055 115127.101453 88694.826008 54954.596810 33087.768842 21175.125253 14580.544911 5813.857201 2302.802551 1024.225132 436.345808 436.345808 482.767738 1205.183080 1322.997585 3162.792275 7138.420318 17787.046191 26111.029589 36022.061775 51393.099900 72515.762815 100524.762077 37.907886 45.089636 45.089636 45.089636 69.823692 98.353892 143.963068 212.992136 1.000000 1.000000 1.000000 1.000000 1.000000 -9999.000000 -9999.000000 -9999.000000 -9999.000000 -9999.000000 -9999.000000 -9999.000000 -9999.000000 -9999.000000 -9999.000000 -9999.000000
5061421.195013 3356750.716488 2290441.936793 1631369.574585 149340.383727 115127.101453 85160.881910 54606.572647 33087.768842 12287.620269 7888.878112 3068.019188 1196.955331 491.895484 436.345808 202.635499 207.227740 482.767738 1322.997585 3484.118586 7138.420318 17560.852357 42121.110719 55754.242356 129.416563 21.935769 21.729948 28.225742 34.911550 34.911550 45.089636 66.109845 98.353892 143.963068 1.000000 74.713944 129.429532 226.769194 359.986971 498.939513 -9999.000000 -9999.000000 -9999.000000 -9999.000000 -9999.000000 -9999.000000 -9999.000000 -9999.000000 -9999.000000 -9999.000000 -9999.000000
5324995.361396 3495665.002696 2290441.936793 239455.807959 160622.170580 115127.101453 85160.881910 54606.572647 19960.211171 12287.620269 8974.215553 3326.185234 1266.990730 491.902862 202.635499 101.559347 101.559347 207.227740 555.283710 675.972969 210.131530 527.041683 457.688961 88.678669 88.678669 14.570959 14.415746 19.690550 27.651126 34.911550 48.000982 69.222495 97.125655 48.018503 50.311198 74.713944 129.429532 226.769194 359.986971 -9999.000000 -9999.000000 -9999.000000 -9999.000000 -9999.000000 -9999.000000 -9999.000000 -9999.000000 -9999.000000 -9999.000000 -9999.000000 -9999.000000
5324995.361396 3495665.002696 3495665.002696 239455.807959 160622.170580 61651.780799 43627.432278 31602.695583 19988.063672 14572.620719 8974.152734 3485.148721 1267.005933 555.400537 220.082251 101.559347 52.262342 101.559347 256.719756 77.940977 194.483238 294.170613 465.554281 61.793262 10.228061 10.228061 14.118799 19.820844 27.651126 39.412803 48.000982 25.446743 34.360621 34.802327 36.459369 36.459369 62.300062 103.340038 176.651339 1.000000 -9999.000000 -9999.000000 -9999.000000 -9999.000000 -9999.000000 -9999.000000 -9999.000000 -9999.000000 -9999.000000 -9999.000000 -9999.000000
7173336.699467 5438484.266784 372540.458874 248999.090489 92082.396781 299332.532841 117282.531544 51796.702930 22858.839503 14873.070747 9632.401364 3485.134780 926.753822 555.416088 220.082031 52.262342 30.896428 30.896428 30.896428 73.581310 183.807214 294.170613 29.137994 42.024470 7.078546 10.028277 14.340750 19.820844 28.278631 39.412803 17.452156 24.465107 24.019105 24.019105 23.845242 35.409723 59.070382 103.340038 1.000000 -9999.000000 -9999.000000 -9999.000000 -9999.000000 -9999.000000 -9999.000000 -9999.000000 -9999.000000 -9999.000000 -9999.000000 -9999.000000 -9999.000000
75.977397 5085642.271652 3759262.390918 2614878.160684 468708.244121 499368.448821 186311.447299 78072.208965 34718.189712 14879.094341 5608.947244 2617.490093 926.753822 257.821872 158.972626 63.703460 30.896428 13.782220 30.896428 73.581310 183.807214 19.390147 28.833443 5.088853 7.078546 10.028277 14.340750 20.181630 28.240177 10.864479 11.745722 16.197058 16.197058 16.551753 23.111283 35.409723 52.690127 1.000000 -9999.000000 -9999.000000 -9999.000000 -9999.000000 -9999.000000 -9999.000000 -9999.000000 -9999.000000 -9999.000000 -9999.000000 -9999.000000 -9999.000000 -9999.000000
54.249494 12062451.517141 6091237.238231 2614878.160684 1151986.779483 499368.448821 231651.572861 86467.931816 34720.063485 13615.658804 4019.839915 715.462964 437.388911 257.821872 28.522624 18.102522 8.197991 8.197991 9.264124 9.264124 13.115449 19.390147 3.481398 5.088853 7.239509 10.538775 15.597823 20.181630 28.240177 8.858305 8.858305 11.745722 11.727365 16.551753 23.111283 33.494711 52.690127 89.663400 -9999.000000 -9999.000000 -9999.000000 -9999.000000 -9999.000000 -9999.000000 -9999.000000 -9999.000000 -9999.000000 -9999.000000 -9999.000000 -9999.000000 -9999.000000
35.724509 35.483553 5384071.130457 2687687.584871 1287881.954263 621342.400719 231640.454119 86398.640107 86398.640107 9517.641843 333.628022 126.829657 76.606837 47.310501 32.428188 20.192574 8.197991 4.278684 4.278684 9.264124 5.763844 2.275918 3.481398 5.360270 7.942928 10.538775 15.295160 5.813432 7.536732 9.630466 8.858305 9.425055 1.000000 1.000000 1.000000 1.000000 -9999.000000 -9999.000000 -9999.000000 -9999.000000 -9999.000000 -9999.000000 -9999.000000 -9999.000000 -9999.000000 -9999.000000 -9999.000000 -9999.000000 -9999.000000 -9999.000000 -9999.000000
23.035938 24.241371 23.954030 2687687.584871 2687687.584871 26031.340520 15257.251739 228886.634488 1150.689848 803.176686 677.391794 218.503720 131.190415 81.972616 32.428966 26.412964 10.050486 4.278684 2.854042 4.278684 1.568347 2.275918 3.561265 4.616346 5.565753 4.170020 4.123711 5.731136 8.059263 21.545375 9.425055 11.727365 11.727365 16.841087 1.000000 -9999.000000 -9999.000000 -9999.000000 -9999.000000 -9999.000000 -9999.000000 -9999.000000 -9999.000000 -9999.000000 -9999.000000 -9999.000000 -9999.000000 -9999.000000 -9999.000000 -9999.000000 -9999.000000
14.509604 14.620440 0.002566 65.644089 69.041652 30396.444370 9980.277416 9782.457535 3933.795121 2566.501990 2566.501990 421.103867 253.528597 95.326618 41.126777 26.412964 10.050486 2.854042 1.306558 1.306558 1.306558 1.882580 2.935949 3.539763 2.621810 2.621810 3.784292 5.663492 15.542234 15.542234 22.636853 22.299100 15.618567 16.841087 71.131907 -9999.000000 -9999.000000 -9999.000000 -9999.000000 -9999.000000 -9999.000000 -9999.000000 -9999.000000 -9999.000000 -9999.000000 -9999.000000 -9999.000000 -9999.000000 -9999.000000 -9999.000000 -9999.000000
8.611328 8.611328 0.001533 40.116947 42.666269 67.590357 18705.368016 6200.028694 6200.227095 2566.558453 1014.233051 440.166382 163.787586 62.810625 26.273352 10.752521 7.217480 2.854042 1.306558 1.186426 1.306558 1.882580 2.296786 1.647534 1.647534 2.347712 3.580080 5.576641 10.432601 14.845283 14.845283 21.899179 32.152435 47.829039 1.000000 -9999.000000 -9999.000000 -9999.000000 -9999.000000 -9999.000000 -9999.000000 -9999.000000 -9999.000000 -9999.000000 -9999.000000 -9999.000000 -9999.000000 -9999.000000 -9999.000000 -9999.000000 -9999.000000
5.246829 5.246829 0.000985 26.133176 27.689070 42.837428 42.837428 11832.436661 4135.433898 4132.830215 1013.497252 440.322201 163.755654 62.803779 62.803591 6.524704 4.274080 3.067495 1.186426 1.012368 1.186426 1.584778 0.802776 1.087345 1.506153 2.243393 3.549699 5.576641 7.849676 10.432601 14.845283 21.899179 32.152435 1.000000 1.000000 -9999.000000 -9999.000000 -9999.000000 -9999.000000 -9999.000000 -9999.000000 -9999.000000 -9999.000000 -9999.000000 -9999.000000 -9999.000000 -9999.000000 -9999.000000 -9999.000000 -9999.000000 -9999.000000
3.107045 0.000601 0.000657 18.668902 18.668902 31.605991 28.579393 8656.459817 4136.322457 2039.689027 1013.998933 408.985212 165.336533 164.011296 17.172917 1.305102 0.802928 0.697112 1.012368 0.511490 1.012368 0.615605 0.802776 1.087345 1.506153 2.243393 3.549699 5.517756 7.849676 11.077598 14.845283 1.000000 32.152435 1.000000 -9999.000000 -9999.000000 -9999.000000 -9999.000000 -9999.000000 -9999.000000 -9999.000000 -9999.000000 -9999.000000 -9999.000000 -9999.000000 -9999.000000 -9999.000000 -9999.000000 -9999.000000 -9999.000000 -9999.000000
0.000354 0.000387 0.004356 11.230139 11.502173 19.979842 19.979842 4.207154 4132.830215 1515.023104 837.216681 1.710405 2.036462 0.844180 0.521081 0.625437 0.802928 0.294950 0.294950 0.294950 0.511490 0.615605 0.802776 1.040973 1.355863 1.939441 3.045703 4.886243 7.476857 11.077598 16.956218 23.634135 1.000000 50.971364 -9999.000000 -9999.000000 -9999.000000 -9999.000000 -9999.000000 -9999.000000 -9999.000000 -9999.000000 -9999.000000 -9999.000000 -9999.000000 -9999.000000 -9999.000000 -9999.000000 -9999.000000 -9999.000000 -9999.000000
0.000231 0.000295 0.002601 6.597138 6.820482 12.051537 2.578830 2.578717 2.672347 32.388775 93.616191 0.696744 0.696750 0.844029 0.513335 0.303723 0.365729 0.141727 0.141727 0.154802 0.154802 0.615605 0.832272 1.040973 1.355863 1.975671 3.074198 4.886243 8.050895 12.951896 17.409281 26.871592 41.380085 1.000000 -9999.000000 -9999.000000 -9999.000000 -9999.000000 -9999.000000 -9999.000000 -9999.000000 -9999.000000 -9999.000000 -9999.000000 -9999.000000 -9999.000000 -9999.000000 -9999.000000 -9999.000000 -9999.000000 -9999.000000
0.000179 0.000179 0.001597 4.022710 4.163346 7.327345 1.527786 1.636954 1.636954 21.000401 37.214370 0.696744 0.288636 0.852460 0.513334 0.303723 0.190558 0.141727 0.077388 0.077388 0.154802 0.205157 0.287326 0.395289 1.336257 2.135426 3.074198 5.255011 8.050895 12.951896 20.617102 26.770913 41.380085 63.474972 -9999.000000 -9999.000000 -9999.000000 -9999.000000 -9999.000000 -9999.000000 -9999.000000 -9999.000000 -9999.000000 -9999.000000 -9999.000000 -9999.000000 -9999.000000 -9999.000000 -9999.000000 -9999.000000 -9999.000000
0.000115 0.000179 0.001028 2.612795 2.701881 4.680408 0.945780 0.978116 12.706931 12.706537 16.013840 16.005437 0.288523 0.192110 0.119823 0.072479 0.047188 0.047188 0.041584 0.041584 0.077388 0.069036 0.101564 0.150295 0.236303 2.135426 3.515817 5.255011 9.039186 20.617102 20.617102 33.233131 43.152587 66.818286 101.984327 -9999.000000 -9999.000000 -9999.000000 -9999.000000 -9999.000000 -9999.000000 -9999.000000 -9999.000000 -9999.000000 -9999.000000 -9999.000000 -9999.000000 -9999.000000 -9999.000000 -9999.000000 -9999.000000
0.000638 0.000638 0.000684 1.761634 1.833843 3.092620 0.612584 0.612584 7.660084 7.660084 12.223133 11.851752 0.296077 0.192110 0.118046 0.073723 0.047188 0.034363 0.034363 0.050273 0.050273 0.069036 0.107186 0.150295 0.236303 0.387060 3.602817 6.061582 8.754799 14.162305 1.319887 33.348692 53.378344 69.320147 105.910357 157.528501 -9999.000000 -9999.000000 -9999.000000 -9999.000000 -9999.000000 -9999.000000 -9999.000000 -9999.000000 -9999.000000 -9999.000000 -9999.000000 -9999.000000 -9999.000000 -9999.000000 -9999.000000
