ASCII/am1.txt
ncols         489
nrows         533
xllcorner     593175.11526712
yllcorner     2721796.0885475
cellsize      29.615804956512
NODATA_value  -9999
[rows 207 to 229 of 533, columns 204 to 254 of 489]
0.598719 0.603034 0.421581 0.387185 0.387185 0.385978 0.385342 0.385342 5.412697 3.248480 2.509676 2.509676 2.213940 2.213940 3.604289 3.604289 5.885033 23.042444 15.128995 9.484039 9.484039 9.484039 12.141563 12.141563 19.646089 30.833265 45.365671 68.246617 11.814761 7.536437 7.446225 4.661323 5.429241 4.300142 3.503936 4.300142 5.958874 0.527451 0.410253 0.421556 0.296817 0.278242 0.206548 0.177085 0.206548 0.266341 0.192542 0.000760 0.000760 0.000897 0.000728
0.852019 1.149115 0.754633 0.522338 0.522338 0.589312 0.636452 0.640411 0.640411 5.216695 4.153309 4.153309 3.586063 3.491022 5.637249 5.885033 5.885033 24.039141 15.128995 13.430747 13.430747 13.430747 13.634666 18.088202 28.337236 43.921532 45.365671 70.853670 11.778413 12.372380 7.446225 7.446225 6.744210 4.300142 4.300142 4.300142 5.958874 1.042820 0.820759 0.568983 0.397460 0.282708 0.206548 0.206548 0.266341 0.369215 0.265816 0.000996 0.000977 0.000977 0.001276
1.764466 1.149115 0.754633 0.754633 0.824274 1.008303 1.008303 1.110001 1.068575 8.654160 6.950202 6.950202 5.886248 5.737215 9.409087 9.409087 9.812409 24.039141 21.379346 19.901883 19.901883 19.901883 26.683010 20.000173 28.337236 43.164321 68.504411 70.853670 18.450686 12.149617 12.463521 11.100921 11.100921 6.744210 6.744210 6.225579 1.213804 1.042820 0.829355 0.568983 0.397460 0.282708 0.282708 0.245547 0.308513 0.398010 0.543883 0.001872 0.001316 0.001872 0.001520
2.680275 1.231803 1.248093 1.248093 1.442705 1.442705 1.760608 1.760608 1.783289 1.783289 11.436373 9.745990 9.745990 9.442918 15.199292 135.605372 85.578406 57.653885 57.653885 28.880748 28.880748 26.683010 26.683010 37.435739 30.186484 45.150156 73.381518 107.745849 26.357708 18.904384 18.476698 18.472540 11.128088 10.339602 10.339602 8.357952 1.213804 1.213804 0.829355 0.591935 0.417289 0.410719 0.308513 0.308513 0.308513 0.444045 0.543883 0.001872 0.001872 0.001872 0.002943
4.126790 1.984536 2.110431 2.173719 2.173719 2.534508 2.954802 2.954802 2.837642 17.084105 14.568987 18.109701 13.941152 229.138606 105.639871 84.091808 84.091808 54.765083 40.515157 34.195303 34.322196 34.322196 37.435739 37.435739 54.918661 85.616543 139.076912 219.269226 155.475425 40.245646 29.674217 17.472035 25.071426 15.978729 12.135263 1.608644 1.608644 0.966117 0.908622 0.774380 0.582698 0.449752 0.440725 0.440725 0.444045 0.444045 0.761214 0.002766 0.002975 0.002943 0.002943
6.480103 3.275459 3.547771 3.547771 3.549632 4.081059 4.081059 4.473212 605.481164 589.231401 330.952890 352.323905 223.308477 141.638907 141.638907 65.507308 54.765083 40.515157 39.164179 34.195303 34.195303 34.195303 46.316904 50.717719 77.296805 85.616543 139.076912 214.135172 335.331329 82.388974 55.738176 38.725629 25.071426 25.071426 2.434409 1.881730 1.268009 0.966117 0.966117 0.774380 0.619506 0.628788 0.639360 0.639360 0.639360 0.650096 0.650096 0.004355 0.004355 0.004954 0.004702
212.707406 5.298226 5.739983 5.587873 5.634899 5.634899 6.473622 860.102822 597.554035 364.033862 364.033862 210.150355 223.308477 141.638907 92.805143 65.507308 54.765083 40.515157 40.515157 39.164179 39.164179 46.316904 46.316904 66.136965 77.296805 119.996486 184.268898 282.769492 452.859576 82.388974 55.738176 7.238421 5.060377 3.648916 2.802930 1.881730 1.522165 1.078619 1.078619 1.094432 0.824221 0.901620 0.901620 0.919979 0.902551 0.902551 0.934988 0.965113 0.006960 0.007101 0.003283
223.473725 326.384338 8.852806 8.852806 8.852806 725.443366 736.697479 505.599940 505.599940 364.033862 241.538463 210.150355 151.905118 109.782648 80.921509 65.507308 65.507308 44.492872 49.462889 49.462889 51.430531 53.518008 66.058311 67.724128 99.027427 119.996486 186.690561 297.900612 452.859576 16.139814 10.891922 7.208427 4.988744 3.878386 2.802930 2.342146 2.198315 1.522165 1.349826 1.094432 1.094432 1.094432 1.216345 1.269954 1.269954 1.269954 1.236751 1.897055 1.539599 0.010576 0.006491
218.311468 352.576700 1508.661682 988.592546 660.968517 710.258129 427.962541 427.962541 309.164760 305.764969 241.538463 196.190252 153.578760 113.497570 84.851117 75.475658 75.475658 75.475658 58.764798 58.764798 76.753670 71.173837 75.187423 95.084281 100.566033 151.990698 186.690561 297.900612 475.659481 15.789826 10.683212 7.110921 4.988744 3.878386 3.333038 3.399008 3.064258 2.198315 2.198315 1.551686 1.449606 1.449606 1.540993 1.540993 1.745752 1.745752 1.897055 1.897055 3.763791 4.407661 5.841016
220.802194 356.123211 1246.898845 988.592546 635.103994 406.413340 427.962541 267.844209 223.686467 309.164760 232.886235 196.190252 187.597221 137.224689 98.193928 77.134035 77.134035 69.424096 69.424096 80.462369 113.432410 167.318990 98.843523 107.329148 155.818000 155.413846 240.325385 294.774710 405.755649 15.301488 10.527625 7.110921 4.988744 6.267498 4.657127 6.629618 4.253226 3.064258 4.253226 5.776689 1.794797 1.646294 1.476363 1.476363 2.053272 2.053272 2.454460 3.227738 3.763791 4.407661 5.696878
220.802194 1618.367290 1115.434161 836.108468 635.103994 406.413340 267.844209 210.993542 223.686467 228.475005 203.230104 180.774589 187.597221 137.224689 137.224689 77.134035 60.636493 60.636493 80.462369 105.394545 113.432410 167.318990 238.853958 136.090913 197.713672 302.737253 463.725502 364.606068 405.755649 15.301488 10.527625 7.251961 8.983956 6.267498 6.267498 6.629618 4.253226 4.253226 5.776689 5.776689 2.192544 2.052532 1.646294 2.052532 2.827564 2.827564 2.952987 3.227738 3.763791 4.785230 6.405775
586.308157 1618.367290 1090.566009 763.742953 573.366492 383.025585 267.844209 267.844209 210.993542 224.497658 186.845787 186.845787 158.638989 144.253038 108.169235 77.134035 77.134035 61.642982 105.394545 148.436929 241.166677 175.370291 332.316910 197.713672 197.713672 293.519909 463.725502 681.935040 950.557400 15.517961 10.647349 13.059659 9.364010 9.266648 9.266648 6.869728 9.594722 6.268289 6.268289 8.197017 2.828749 2.052532 2.052532 2.052532 4.262607 4.262607 4.139748 3.932844 4.785230 4.785230 6.405775
777.669593 1576.879802 1090.566009 763.742953 550.044040 383.025585 437.027970 328.214414 276.676251 224.497658 186.845787 158.638989 144.253038 133.388870 111.846911 111.846911 84.838693 84.838693 148.436929 230.010270 241.166677 381.995811 469.042873 469.042873 283.296075 401.991994 605.768500 923.845955 1418.981803 16.206590 19.449645 13.473929 13.549603 13.741791 10.464046 15.751893 9.594722 9.594722 9.594722 3.655131 2.828749 2.828749 2.640160 2.640160 3.514252 4.961826 5.538810 5.406584 5.406584 6.800846 6.746013
777.669593 1576.879802 1090.566009 763.742953 550.044040 632.079430 437.027970 437.027970 276.676251 224.497658 186.845787 172.753219 144.253038 144.253038 167.325394 127.640922 128.720863 230.010270 230.010270 230.010270 389.070141 384.505421 681.524347 681.524347 660.287383 401.991994 605.768500 986.296129 1418.981803 29.354873 20.263032 19.344518 18.759271 14.076285 18.115627 14.216687 14.901645 12.020865 8.722306 3.894226 3.894226 3.258095 3.258095 3.514252 3.514252 4.777296 6.796282 7.752167 7.752167 69.595592 69.595592
1102.575254 1586.381243 1141.553557 836.633481 836.633481 677.196179 661.763036 399.081542 399.081542 256.163092 229.388279 172.753219 172.753219 167.325394 200.265534 278.468849 178.184293 358.467269 358.467269 358.467269 553.636876 590.188339 553.456799 972.999686 976.456628 976.456628 635.323159 986.296129 1569.434577 40.055967 28.493477 27.118916 36.631543 25.451563 19.216957 14.216687 9.612533 8.722306 6.148430 3.894226 3.266176 3.282677 3.282677 3.282677 3.683521 4.932566 7.147424 323.933255 105.452718 44.545278 44.671702
2835.443641 2835.443641 1181.747840 1222.832349 1011.961320 991.207190 591.175278 578.598117 364.435832 321.249195 229.388279 268.294794 200.265534 200.265534 278.910084 390.954366 390.954366 554.043680 536.073421 536.073421 718.175040 1072.455035 1555.810444 1447.247400 1546.856992 1546.856992 1608.133288 1042.834280 52.836775 40.055967 39.031305 54.661646 36.631543 25.451563 21.599801 14.750204 9.612533 6.148430 4.592989 4.707532 3.894226 3.266176 3.501589 3.683521 3.683521 4.932566 7.147424 418.486306 222.970785 66.627538 27.963588
2835.443641 2197.857415 2198.591054 2274.555949 1920.461681 981.251771 791.529848 514.689059 466.567574 513.671680 366.099308 268.294794 268.294794 278.910084 278.910084 430.832769 611.506091 884.022304 823.888070 718.175040 968.865313 1598.267771 1598.267771 2271.445679 2216.011156 2435.685258 2461.521819 4208.305771 52.836775 52.906737 77.451282 55.188045 38.656938 31.723283 21.599801 14.750204 4741.839270 2981.146098 2289.186418 4.707532 4.707532 3.501589 4.203187 4.969312 4.969312 518.324084 271.403769 271.403769 143.428527 140.251192 43.298759
3294.280309 2416.366330 1819.775027 1610.971857 1610.971857 1457.902904 1457.902904 638.270589 752.732453 513.671680 513.671680 392.668883 392.668883 436.622105 436.622105 450.743374 679.414476 940.336172 968.865313 968.865313 968.865313 1005.773875 1598.267771 2632.386791 3401.818651 3186.535361 3449.276475 46945.636891 55293.935235 32569.639248 32904.305003 20806.090371 20306.350882 32.409629 9438.758414 5915.151000 3633.611088 2289.186418 1670.764491 1670.764491 1880.658729 4.359857 4.359857 5.547226 1243.403356 516.453105 337.461416 170.919195 88.872443 88.872443 85.082459
2608.273726 2305.289903 1819.775027 1296.188764 1197.714585 1197.714585 1110.892921 1294.035010 1092.199019 659.455808 514.341784 514.341784 514.341784 559.938234 676.567272 682.208008 672.199139 1239.154510 2016.556811 1270.304201 1005.773875 1270.304201 2051.217408 2632.386791 3955.744749 5181.477054 44584.433873 44584.433873 42862.976445 32005.117738 20630.653041 20630.653041 13164.767624 13164.767624 7359.134127 5915.151000 3825.143982 2458.536355 1670.764491 1332.395186 1408.965372 1509.337120 1339.857798 1339.857798 1100.046385 844.262543 337.461416 170.919195 88.872443 61.802586 59.247544
2432.918801 2305.289903 1761.949014 1296.188764 1010.960906 1010.960906 902.325700 1000.548947 828.881510 828.881510 573.096258 590.515236 549.768812 740.597226 811.342447 1164.756789 964.671736 1686.474047 2016.556811 1789.365670 1270.304201 1270.304201 2036.684443 3419.801093 3955.744749 5181.477054 45872.250201 35831.643416 29803.503890 19547.472915 19547.472915 13060.696772 10221.921256 8696.051378 8696.051378 4853.693454 3374.872296 2276.590192 1485.254982 1031.729280 1031.729280 1051.234673 921.246313 869.574224 725.011804 717.980285 568.360840 176.829250 103.042952 58.989312 35.314284
2432.918801 2171.483731 1790.325900 1324.325295 1010.960906 902.325700 943.773529 1000.548947 828.881510 693.650121 549.768812 549.768812 558.894278 751.079726 1103.900993 1646.962820 2444.098504 1340.239873 2921.992613 2665.234360 1789.365670 1789.365670 2813.479865 4727.354784 7203.434480 4981.503938 45872.250201 35121.102645 25288.369277 19547.472915 13060.696772 9719.346854 7438.942807 7438.942807 6445.980637 4717.132550 3374.872296 2276.590192 1485.254982 1031.729280 794.242516 794.242516 674.341294 609.745198 487.982996 487.982996 318.296353 176.829250 103.042952 58.989312 35.314284
3137.782973 2780.906749 2327.203926 1702.316443 1280.585460 1068.274096 943.773529 1000.548947 693.650121 573.096258 573.096258 558.894278 558.894278 739.735070 1111.615941 1699.246672 2573.058738 3382.346346 4332.147919 4020.249083 2665.234360 2665.234360 4072.956006 6809.424241 10602.375133 5490.933323 47562.635070 35121.102645 25288.369277 17361.552355 12338.300274 9821.338729 7438.942807 5787.723383 5179.934649 4544.064612 3288.801943 2260.526461 1469.364951 1009.897716 794.242516 674.341294 669.291468 609.745198 487.982996 318.296353 248.568090 176.829250 103.042952 58.989312 35.314284
3137.782973 3137.782973 2327.203926 1702.316443 1280.585460 1280.585460 1068.274096 1142.963980 870.774878 693.650121 418.120476 514.082700 521.489804 705.031953 1053.755361 1606.739929 2432.056622 5366.016451 13808.924422 6061.521697 4020.249083 6061.521697 9068.700037 15014.248234 22450.398033 36020.225740 46598.882118 35121.102645 25765.183433 17361.552355 13730.384105 9821.338729 7264.533166 5838.364186 5179.934649 4331.364463 3260.363983 2250.558467 1469.364951 1009.897716 1009.897716 794.242516 674.341294 642.857686 487.982996 487.982996 318.296353 81.264834 85.839192 50.147478 31.521130
