ASCII/am3.txt
ncols         489
nrows         533
xllcorner     593175.11526712
yllcorner     2721796.0885475
cellsize      29.615804956512
NODATA_value  -9999
[rows 200 to 224 of 533, columns 342 to 398 of 489]
1.000000 0.965380 0.928976 0.892139 0.855691 0.819399 0.731422 0.731159 0.731159 0.668828 0.668828 0.639648 0.418222 0.418334 0.418407 0.418758 0.418758 0.400613 0.401122 0.368849 0.352874 0.352718 0.337649 0.323545 0.310446 0.297983 0.285046 0.272913 0.260850 0.249570 1.000000 0.228214 -9999.000000 -9999.000000 -9999.000000 -9999.000000 -9999.000000 -9999.000000 -9999.000000 -9999.000000 -9999.000000 -9999.000000 -9999.000000 -9999.000000 -9999.000000 -9999.000000 -9999.000000 -9999.000000 -9999.000000 -9999.000000 -9999.000000 -9999.000000 -9999.000000 -9999.000000 -9999.000000 -9999.000000 -9999.000000
0.965380 0.931959 0.896029 0.892139 0.855691 0.819229 0.784006 0.750642 0.718582 0.687404 0.656883 0.639176 0.399804 0.399970 0.400096 0.400613 0.400613 0.400613 0.384139 0.352874 0.352874 0.337649 0.337649 0.323545 0.310446 0.297983 0.285400 0.272913 0.261081 0.249680 0.238705 1.000000 -9999.000000 -9999.000000 -9999.000000 -9999.000000 -9999.000000 -9999.000000 -9999.000000 -9999.000000 -9999.000000 -9999.000000 -9999.000000 -9999.000000 -9999.000000 -9999.000000 -9999.000000 -9999.000000 -9999.000000 -9999.000000 -9999.000000 -9999.000000 -9999.000000 -9999.000000 -9999.000000 -9999.000000 -9999.000000
0.939662 0.904773 0.869598 0.834140 0.799189 0.764943 0.784006 0.718582 0.718582 0.687404 0.656883 0.628189 0.351612 0.366846 0.383043 0.366846 0.382792 0.382858 0.367196 0.337345 0.337345 0.337561 0.323545 0.309810 0.297983 0.297983 0.285400 0.272913 0.261081 0.249680 0.238836 0.228399 -9999.000000 -9999.000000 -9999.000000 -9999.000000 -9999.000000 -9999.000000 -9999.000000 -9999.000000 -9999.000000 -9999.000000 -9999.000000 -9999.000000 -9999.000000 -9999.000000 -9999.000000 -9999.000000 -9999.000000 -9999.000000 -9999.000000 -9999.000000 -9999.000000 -9999.000000 -9999.000000 -9999.000000 -9999.000000
0.924778 0.888214 0.869598 0.833754 0.798448 0.764247 0.730796 0.749667 0.686792 0.686792 0.656706 0.628189 0.337133 0.351612 0.366846 0.366846 0.351114 0.336588 0.351402 0.336588 0.322747 0.323159 0.309810 0.309810 0.285529 0.285400 0.285400 0.272905 0.261081 0.249680 0.238836 0.228399 0.218401 -9999.000000 -9999.000000 -9999.000000 -9999.000000 -9999.000000 -9999.000000 -9999.000000 -9999.000000 -9999.000000 -9999.000000 -9999.000000 -9999.000000 -9999.000000 -9999.000000 -9999.000000 -9999.000000 -9999.000000 -9999.000000 -9999.000000 -9999.000000 -9999.000000 -9999.000000 -9999.000000 -9999.000000
0.888214 0.888214 0.833754 0.833754 0.798575 0.764950 0.731706 0.773274 0.739583 0.714416 0.714443 0.683449 0.653895 0.336676 0.351089 0.351114 0.351114 0.322509 0.336588 0.322136 0.322136 0.309577 0.296772 0.284393 0.272580 0.261099 0.272905 0.272905 0.260875 0.249564 0.238722 0.228323 0.218377 -9999.000000 -9999.000000 -9999.000000 -9999.000000 -9999.000000 -9999.000000 -9999.000000 -9999.000000 -9999.000000 -9999.000000 -9999.000000 -9999.000000 -9999.000000 -9999.000000 -9999.000000 -9999.000000 -9999.000000 -9999.000000 -9999.000000 -9999.000000 -9999.000000 -9999.000000 -9999.000000 -9999.000000
0.866865 0.851423 0.851423 0.798937 0.881606 0.844893 0.808952 0.747699 0.747699 0.747383 0.714308 0.683134 0.682930 0.649985 0.622014 0.336142 0.336052 0.308571 0.321961 0.308231 0.296772 0.296772 0.284393 0.272580 0.261099 0.261099 0.249719 0.239030 0.228739 0.218769 0.209246 0.228225 0.218375 -9999.000000 -9999.000000 -9999.000000 -9999.000000 -9999.000000 -9999.000000 -9999.000000 -9999.000000 -9999.000000 -9999.000000 -9999.000000 -9999.000000 -9999.000000 -9999.000000 -9999.000000 -9999.000000 -9999.000000 -9999.000000 -9999.000000 -9999.000000 -9999.000000 -9999.000000 -9999.000000 -9999.000000
1.377639 0.830792 1.000000 0.920343 0.920343 0.881932 0.845551 0.782499 0.782499 0.747552 0.714217 0.713765 0.679354 0.650132 0.622191 0.595396 0.569685 0.545114 0.336241 0.336241 0.284236 0.272672 0.284236 0.260690 0.249708 0.249719 0.249719 0.228739 0.228739 0.218769 0.209246 0.200150 0.191547 -9999.000000 -9999.000000 -9999.000000 -9999.000000 -9999.000000 -9999.000000 -9999.000000 -9999.000000 -9999.000000 -9999.000000 -9999.000000 -9999.000000 -9999.000000 -9999.000000 -9999.000000 -9999.000000 -9999.000000 -9999.000000 -9999.000000 -9999.000000 -9999.000000 -9999.000000 -9999.000000 -9999.000000
0.927505 1.000000 -9999.000000 0.960540 0.920956 0.920956 0.882278 0.817892 0.782499 0.747552 0.746300 0.709974 0.679354 0.650132 0.622191 0.595396 0.569685 0.350243 0.350555 0.350555 0.335629 0.272672 0.261190 0.272000 0.238716 0.238670 0.238670 0.218620 0.218620 0.218660 0.209279 0.200150 0.191547 -9999.000000 -9999.000000 -9999.000000 -9999.000000 -9999.000000 -9999.000000 -9999.000000 -9999.000000 -9999.000000 -9999.000000 -9999.000000 -9999.000000 -9999.000000 -9999.000000 -9999.000000 -9999.000000 -9999.000000 -9999.000000 -9999.000000 -9999.000000 -9999.000000 -9999.000000 -9999.000000 -9999.000000
1.000000 -9999.000000 -9999.000000 1.000000 0.960540 0.920956 0.853780 0.853780 0.817302 0.781220 0.742885 0.709644 0.678657 0.664076 0.635231 0.416642 0.366267 0.366267 0.366167 0.350445 0.335737 0.321190 0.307489 0.294274 0.260278 0.249092 0.228257 0.228210 0.209015 0.209167 0.209167 0.200118 0.191467 0.183446 -9999.000000 -9999.000000 -9999.000000 -9999.000000 -9999.000000 -9999.000000 -9999.000000 -9999.000000 -9999.000000 -9999.000000 -9999.000000 -9999.000000 -9999.000000 -9999.000000 -9999.000000 -9999.000000 -9999.000000 -9999.000000 -9999.000000 -9999.000000 -9999.000000 -9999.000000 -9999.000000
-9999.000000 -9999.000000 -9999.000000 1.000000 0.965380 0.928033 0.890776 0.853780 0.812812 0.777400 0.742885 0.709644 0.694221 0.663794 0.435474 0.400128 0.383130 0.383130 0.366464 0.350868 0.335632 0.321190 0.307467 0.294222 0.281815 0.269485 0.257803 0.214131 0.204801 0.199909 0.199934 0.199934 0.183438 0.183438 0.175851 -9999.000000 -9999.000000 -9999.000000 -9999.000000 -9999.000000 -9999.000000 -9999.000000 -9999.000000 -9999.000000 -9999.000000 -9999.000000 -9999.000000 -9999.000000 -9999.000000 -9999.000000 -9999.000000 -9999.000000 -9999.000000 -9999.000000 -9999.000000 -9999.000000 -9999.000000
-9999.000000 -9999.000000 1.000000 0.973360 0.947430 0.914630 0.882965 0.848414 0.812812 0.795145 0.760164 0.726403 0.694221 0.455118 0.435727 0.417775 0.400128 0.383130 0.366830 0.350868 0.335632 0.321313 0.307467 0.294581 0.281815 0.269485 0.223716 0.214173 0.204706 0.195942 0.191171 0.169105 0.176068 0.173581 0.166489 0.159549 0.152767 -9999.000000 -9999.000000 -9999.000000 -9999.000000 -9999.000000 -9999.000000 -9999.000000 -9999.000000 -9999.000000 -9999.000000 -9999.000000 -9999.000000 -9999.000000 -9999.000000 -9999.000000 -9999.000000 -9999.000000 -9999.000000 -9999.000000 -9999.000000
1.000000 -9999.000000 -9999.000000 1.000000 0.965380 0.931959 0.899694 0.866289 0.830918 0.544318 0.520289 0.497344 0.475680 0.455118 0.435998 0.417775 0.400128 0.383130 0.366830 0.350973 0.335774 0.321313 0.307662 0.255411 0.244427 0.233768 0.223716 0.214615 0.205134 0.196034 0.196394 0.188089 0.180383 0.173581 1.000000 1.000000 1.000000 1.000000 -9999.000000 -9999.000000 -9999.000000 -9999.000000 -9999.000000 -9999.000000 -9999.000000 -9999.000000 -9999.000000 -9999.000000 -9999.000000 -9999.000000 -9999.000000 -9999.000000 -9999.000000 -9999.000000 -9999.000000 -9999.000000 -9999.000000
1.073726 0.710578 0.705378 0.680958 0.657383 0.634624 0.612654 0.591444 0.568428 0.544318 0.520117 0.497014 0.475516 0.455277 0.435998 0.417770 0.400377 0.383713 0.366830 0.351054 0.335907 0.267198 0.266509 0.255411 0.244427 0.233807 0.224237 0.214615 0.205183 0.205446 0.196394 0.188089 0.180383 0.173581 0.166612 0.159613 0.152807 0.144915 0.138738 -9999.000000 -9999.000000 -9999.000000 -9999.000000 -9999.000000 -9999.000000 -9999.000000 -9999.000000 -9999.000000 -9999.000000 -9999.000000 -9999.000000 -9999.000000 -9999.000000 -9999.000000 -9999.000000 -9999.000000 -9999.000000
0.705044 0.699885 0.694762 0.670710 0.647490 0.625074 0.603434 0.582543 0.560913 0.537183 0.513086 0.497014 0.475516 0.455277 0.436091 0.417770 0.400206 0.383350 0.367406 0.351054 0.279272 0.278449 0.266509 0.255411 0.244529 0.234092 0.224237 0.214588 0.215028 0.205446 0.196361 0.179915 0.172366 0.172366 0.165086 0.158064 0.151326 0.144915 0.138738 0.132776 -9999.000000 -9999.000000 -9999.000000 -9999.000000 -9999.000000 -9999.000000 -9999.000000 -9999.000000 -9999.000000 -9999.000000 -9999.000000 -9999.000000 -9999.000000 -9999.000000 -9999.000000 -9999.000000 -9999.000000
0.699880 0.675650 0.652259 0.647485 0.625069 0.603430 0.582539 0.562371 0.540744 0.517608 0.494272 0.472133 0.475577 0.455321 0.436091 0.417770 0.400127 0.383289 0.367196 0.291550 0.291055 0.278449 0.265818 0.265811 0.244529 0.245369 0.234866 0.224819 0.215028 0.205448 0.196237 0.187806 0.179954 0.172366 0.165065 0.158064 0.151326 0.144915 0.138738 0.132634 1.000000 -9999.000000 -9999.000000 -9999.000000 -9999.000000 -9999.000000 -9999.000000 -9999.000000 -9999.000000 -9999.000000 -9999.000000 -9999.000000 -9999.000000 -9999.000000 -9999.000000 -9999.000000 -9999.000000
0.698766 0.674574 0.651221 0.628675 0.606911 0.585899 0.565616 0.546034 0.524014 0.501217 0.478655 0.457342 0.437702 0.418931 0.417725 0.417725 0.400127 0.383289 0.304221 0.304021 0.291007 0.278194 0.278194 0.265750 0.256267 0.245194 0.234585 0.224509 0.214738 0.205248 0.196155 0.187806 0.179954 0.172440 0.165065 0.157884 0.151326 0.144818 0.138617 0.132634 0.126754 1.000000 -9999.000000 -9999.000000 -9999.000000 -9999.000000 -9999.000000 -9999.000000 -9999.000000 -9999.000000 -9999.000000 -9999.000000 -9999.000000 -9999.000000 -9999.000000 -9999.000000 -9999.000000
0.698766 0.674574 0.651221 0.628675 0.606911 0.585899 0.565616 0.544287 0.521805 0.501217 0.478655 0.457342 0.437702 0.418931 0.399984 0.399984 0.400218 0.330174 0.317277 0.317277 0.304021 0.291007 0.278194 0.268210 0.256393 0.245166 0.234506 0.224320 0.214572 0.205145 0.196155 0.187747 0.179795 0.172101 0.165065 0.157884 0.150985 0.144694 0.138454 0.132472 0.126736 0.121402 0.116255 -9999.000000 -9999.000000 -9999.000000 -9999.000000 -9999.000000 -9999.000000 -9999.000000 -9999.000000 -9999.000000 -9999.000000 -9999.000000 -9999.000000 -9999.000000 -9999.000000
0.674574 0.674574 0.651221 0.628675 0.606911 0.585899 0.565616 0.543810 0.521244 0.498386 0.476167 0.454911 0.434967 0.418955 0.387758 0.371890 0.343233 0.343233 0.330174 0.317277 0.305045 0.292785 0.280422 0.268210 0.256393 0.245166 0.234506 0.224896 0.215080 0.205621 0.196412 0.187909 0.179915 0.172101 0.164574 0.157784 0.150924 0.144359 0.138360 0.095507 0.095507 0.095376 0.095399 0.095399 0.095383 0.095458 -9999.000000 -9999.000000 -9999.000000 -9999.000000 -9999.000000 -9999.000000 -9999.000000 -9999.000000 -9999.000000 -9999.000000 -9999.000000
0.647949 0.651221 0.651221 0.624353 0.598507 0.573863 0.550361 0.528114 0.506098 0.484063 0.462534 0.441792 0.422419 0.404716 0.387758 0.371890 0.356905 0.343233 0.317277 0.305045 0.292785 0.292785 0.280422 0.268320 0.256663 0.245538 0.235188 0.224896 0.215005 0.205554 0.196412 0.187909 0.179915 0.172063 0.164389 0.157271 0.150840 0.099970 0.099889 0.099889 0.095553 0.099767 0.099767 0.099658 0.099672 0.095532 0.095493 1.000000 -9999.000000 -9999.000000 -9999.000000 -9999.000000 -9999.000000 -9999.000000 -9999.000000 -9999.000000 -9999.000000
0.620533 0.624515 0.624353 0.598507 0.573863 0.550361 0.528114 0.528114 0.506098 0.483994 0.462640 0.441949 0.422508 0.404719 0.387492 0.371890 0.356905 0.342791 0.328926 0.292468 0.280709 0.280709 0.268899 0.257244 0.256663 0.245704 0.235188 0.224958 0.215010 0.205504 0.196344 0.187669 0.179841 0.172063 0.164448 0.157496 0.151334 0.104470 0.104470 0.104470 0.099930 0.104344 0.104243 0.104243 0.099869 0.099809 0.099792 0.095447 0.091207 0.095209 0.095261 -9999.000000 -9999.000000 -9999.000000 -9999.000000 -9999.000000 -9999.000000
0.597476 0.597476 0.597476 0.572733 0.549149 0.526745 0.505559 0.505515 0.505515 0.483994 0.462640 0.442119 0.422662 0.404719 0.389342 0.307265 0.307337 0.307337 0.282868 0.282910 0.269133 0.268899 0.268899 0.257244 0.246146 0.245704 0.235188 0.225050 0.215141 0.205556 0.196365 0.187688 0.179567 0.171743 0.164448 0.157933 0.104300 0.109150 0.109150 0.104470 0.108995 0.104304 0.108946 0.104427 0.104396 0.104396 0.104189 0.104168 0.099635 0.099635 0.099640 0.095222 0.091084 -9999.000000 -9999.000000 -9999.000000 -9999.000000
0.571689 0.571689 0.571941 0.548506 0.504418 0.504418 0.483952 0.483584 0.483286 0.483286 0.462302 0.442119 0.422898 0.406361 0.321087 0.321087 0.321087 0.295489 0.295489 0.282910 0.257971 0.257379 0.257379 0.257153 0.235599 0.235599 0.225470 0.225050 0.215207 0.205637 0.196395 0.187688 0.179582 0.171843 0.164823 0.108818 0.113895 0.113928 0.113928 0.113928 0.108995 0.113727 0.108946 0.109255 0.109155 0.109041 0.109041 0.108918 0.104288 0.104265 0.099581 0.095214 0.095214 0.091147 0.061997 0.061997 1.000000
0.723136 0.548154 0.548154 0.484131 0.484131 0.484131 0.463662 0.462689 0.462689 0.462302 0.462302 0.441954 0.423761 0.335101 0.335101 0.335101 0.321087 0.308787 0.295489 0.282605 0.270537 0.247026 0.246204 0.246127 0.245969 0.225470 0.225470 0.215728 0.215207 0.205739 0.196457 0.187661 0.179582 0.172032 0.113596 0.113596 0.118846 0.118978 0.118978 0.118932 0.118932 0.118893 0.113734 0.114072 0.114072 0.114072 0.113997 0.109156 0.109132 0.104208 0.099581 0.099577 0.095280 0.091138 0.073038 0.064671 1.000000
0.642452 0.594987 0.570460 0.570460 0.570460 0.464297 0.464297 0.444417 0.442682 0.442698 0.442341 0.442318 0.364561 0.335101 0.349126 0.321087 0.321087 0.308787 0.295558 0.282605 0.270324 0.258851 0.236262 0.235473 0.235476 0.235461 0.215879 0.206747 0.197849 0.189236 0.180720 0.172801 0.165451 0.118705 0.118682 0.118842 0.118842 0.124317 0.124407 0.124407 0.124401 0.118942 0.119009 0.119085 0.119228 0.119217 0.114206 0.114206 0.109096 0.109039 0.104169 0.099685 0.095307 0.082995 0.076342 0.067600 0.067763
0.670992 0.671019 0.621355 0.595521 0.595521 0.570302 0.570954 0.659049 0.630586 0.603900 0.604224 0.380760 0.380760 0.380748 0.364539 0.364539 0.380527 0.308787 0.295633 0.282644 0.270260 0.258548 0.247346 0.236647 0.278970 0.225534 0.225586 0.206747 0.197849 0.189258 0.180861 0.172951 0.129503 0.124033 0.124094 0.124094 0.124428 0.130134 0.130134 0.130137 0.124456 0.124181 0.124502 0.124555 0.124654 0.124654 0.119446 0.114156 0.114156 0.109039 0.104298 0.099738 0.095307 0.086773 0.079841 0.070721 0.070910
