ASCII/am3.txt
ncols         489
nrows         533
xllcorner     593175.11526712
yllcorner     2721796.0885475
cellsize      29.615804956512
NODATA_value  -9999
[rows 375 to 399 of 533, columns 399 to 455 of 489]
0.313983 0.315313 0.318858 0.319400 0.329081 0.314653 0.306316 0.296046 0.302826 0.297379 0.292634 0.288365 0.280556 0.275255 0.266909 0.263827 0.258318 0.252943 0.249756 0.242485 0.171537 0.176586 0.180292 0.184051 0.182485 0.182509 0.474314 0.491848 0.487708 0.518829 0.518288 0.514297 0.515809 0.516045 0.507895 0.549769 0.565032 0.580347 0.590916 0.595980 0.615576 0.611568 0.991140 0.961060 0.628840 0.593445 0.773162 1.014723 0.769244 0.555300 0.691848 0.653854 0.863771 0.484956 0.837691 0.566764 0.471259
0.320595 0.321157 0.325065 0.325614 0.310602 0.318869 0.313462 0.312808 0.303413 0.298973 0.290254 0.286260 0.280544 0.273456 0.269563 0.266876 0.261045 0.255515 0.249674 0.242472 0.184090 0.184090 0.184575 0.181050 0.187906 0.186218 0.484216 0.501341 0.517198 0.525912 0.526323 0.529010 0.527096 0.519081 0.518737 0.510655 0.561308 0.573225 0.587537 0.599461 0.608316 0.627395 1.005191 0.629471 0.605461 0.611893 0.666397 0.599464 0.766773 0.555542 0.734137 0.724274 0.891249 0.498710 0.779607 0.789391 0.524733
0.371303 0.341291 0.343288 0.334938 0.320629 0.305544 0.300706 0.300356 0.291405 0.286829 0.293958 0.282200 0.281130 0.277134 0.273176 0.263727 0.261133 0.255139 0.247553 0.180313 0.185565 0.191318 0.189974 0.188449 0.191411 0.186091 0.493784 0.510492 0.517198 0.529853 0.542387 0.539266 0.537444 0.536718 0.518737 0.524510 0.521359 0.584295 0.602284 0.611261 0.623840 0.639440 -9999.000000 0.636594 0.629132 0.663962 0.695133 0.867113 0.777000 0.566971 0.499015 1.079219 0.809543 1.076745 0.659194 0.845035 0.524733
0.316783 0.358642 0.356229 0.330300 0.320639 0.325625 0.291257 0.291257 0.306179 0.306179 0.282200 0.282200 0.293233 0.296690 0.287431 0.267155 0.258171 0.252896 0.199357 0.199144 0.199481 0.199481 0.191980 0.195009 0.188449 0.182494 0.505318 0.513880 0.514304 0.524429 0.547022 0.546835 0.546792 0.543598 0.521359 0.541629 0.524229 0.511085 0.584295 0.620023 0.636650 0.652072 1.000000 0.645446 0.643252 0.653084 0.624426 0.632703 0.607785 0.607785 0.607838 0.512816 1.397915 0.541032 0.725163 0.569527 0.553976
0.352436 0.352436 0.343366 0.336453 0.331721 0.331053 0.305859 0.314875 0.319325 0.306179 0.305308 0.299101 0.306577 0.300472 0.294580 0.281564 0.258171 0.203791 0.203462 0.205221 0.205694 0.199706 0.197387 0.195719 0.195745 0.177741 0.501171 0.514309 0.532216 0.542239 0.546981 0.558099 0.554159 0.553873 0.550512 0.548702 0.534874 0.521254 0.607449 0.623375 0.645312 0.657488 1.000000 0.655495 0.654299 0.655443 0.649244 0.632703 0.974841 0.749719 0.607834 0.526714 1.172381 1.120198 1.161927 1.423171 0.770709
0.396674 0.352436 0.341959 0.351881 0.346109 0.331053 0.310963 0.324203 0.320064 0.319754 0.318769 0.313138 0.299101 0.291183 0.281571 0.281127 0.275164 0.203496 0.208130 0.210423 0.210304 0.205587 0.201570 0.201465 0.195745 0.204926 0.501171 0.516122 0.529808 0.535859 0.545059 0.554288 0.565569 0.562296 0.562176 0.559526 0.542348 0.542108 0.960367 0.985632 1.000000 -9999.000000 0.663393 0.691164 0.690420 0.664767 0.661832 0.645708 1.404951 0.755914 0.607834 0.526714 0.526714 0.541244 0.571908 0.569527 0.871724
0.365637 0.357954 0.357549 0.346254 0.341045 0.335716 0.326229 0.316070 0.333867 0.319967 0.315047 0.312854 0.298305 0.281064 0.281064 0.275081 0.256578 0.203496 0.210404 0.217043 0.216644 0.211412 0.207325 0.199817 0.212685 0.209789 0.501171 0.511626 0.512042 0.534315 0.548140 0.554698 0.562375 0.573740 0.570235 0.570677 0.553495 0.553033 0.612164 0.612164 1.000602 -9999.000000 0.663028 0.707848 0.703763 0.700415 0.673384 0.663865 1.354919 0.642574 0.642210 0.513546 0.529083 0.554871 0.554871 0.616287 0.600423
0.367469 0.357336 0.356146 0.350364 0.345707 0.340922 0.335583 0.330873 0.329077 0.323893 0.310111 0.298305 0.301670 0.292052 0.262020 0.262020 0.264917 0.207938 0.212082 0.220899 0.220662 0.212283 0.217079 0.218918 0.212875 0.208587 0.204373 0.501278 0.519736 0.519736 0.533627 0.552729 0.561842 0.570552 0.581898 0.581748 0.564489 0.612278 0.612164 0.632069 0.637341 -9999.000000 0.665215 0.678007 0.750479 0.713748 0.684930 0.680945 1.359257 0.663448 0.642210 0.605702 0.620413 0.627883 0.625337 0.628572 1.104093
0.367691 0.362811 0.356116 0.350370 0.345379 0.340886 0.336140 0.326758 0.315982 0.313403 0.303182 0.303046 0.267326 0.267326 0.267555 0.274405 0.262020 0.214477 0.212165 0.222841 0.222737 0.221258 0.225916 0.218960 0.214792 0.210199 0.204373 0.515190 0.515190 0.506734 0.521574 0.540263 0.557555 0.569953 0.578560 0.594641 0.600367 0.615639 0.628971 0.644431 0.656788 0.658568 0.668567 0.677970 0.712907 0.762398 0.697023 0.963410 0.678218 0.663182 0.642547 0.704437 0.605702 0.625337 0.640937 0.638456 0.781868
0.373251 0.361415 0.356260 0.351175 0.346145 0.341429 0.336334 0.330696 0.321445 0.295424 0.295424 0.290393 0.273050 0.276710 0.279633 0.270803 0.262311 0.212165 0.223477 0.222885 0.229419 0.229295 0.221258 0.217079 0.212856 0.208587 0.219869 0.219869 0.531198 0.518579 0.531876 0.540360 0.557485 0.569813 0.582253 0.575132 0.599255 0.612278 0.619933 0.639408 0.647994 0.659123 0.668263 0.677758 0.712927 0.724148 0.958883 1.033039 0.691951 0.716526 0.716826 0.704587 0.692803 0.635572 0.651210 0.677967 0.645191
0.362813 0.367978 0.371479 0.366135 0.361669 0.356358 0.332107 0.312209 0.305376 0.308340 0.299488 0.290393 0.278713 0.286095 0.273050 0.273902 0.262311 0.207911 0.214747 0.222832 0.229215 0.237450 0.224765 0.228476 0.227148 0.227148 0.226881 0.219869 0.523684 0.535755 0.547361 0.556047 0.560935 0.570006 0.569550 0.557473 0.583963 0.607681 0.607297 0.619933 0.646339 0.661092 0.670215 0.680607 0.728985 0.733079 0.744398 1.476557 0.728371 0.735325 0.720333 0.707887 0.692803 0.656042 0.666264 0.651037 0.635506
0.356216 0.356679 0.380116 0.369870 0.385393 0.375849 0.367629 0.362172 0.326008 0.312832 0.300444 0.289296 0.288425 0.279699 0.280142 0.275099 0.270407 0.207911 0.215997 0.215997 0.220331 0.224765 0.232346 0.234343 0.236266 0.229381 0.223440 0.219869 0.527507 0.538629 0.543367 0.552367 0.564393 0.200481 0.200481 0.200481 0.595155 0.610788 0.626700 0.635179 0.647508 0.659855 0.670261 0.751807 0.666918 0.740111 0.740111 0.740111 1.023505 0.735231 0.716607 0.707514 0.693078 0.673326 0.656042 0.638031 0.591641
0.350760 0.351841 0.374290 0.347848 0.333584 0.326137 0.338915 0.331149 0.309346 0.318094 0.302408 0.300942 0.292698 0.289153 0.284499 0.275509 0.271430 0.262586 0.231498 0.235251 0.235251 0.236034 0.237962 0.237735 0.239948 0.233796 0.227818 0.515081 0.519553 0.523277 0.547357 0.534349 0.548533 0.200481 0.208433 0.200481 0.922437 0.946834 0.966676 0.960516 1.000630 -9999.000000 1.000000 0.666918 0.666918 0.740111 1.183971 0.805974 0.740031 0.716607 0.716607 0.677700 0.678120 0.677783 0.663775 0.624966 0.579908
0.349900 0.352575 0.336248 0.341104 0.362147 0.327686 0.311569 0.310336 0.303613 0.299534 0.319010 0.297347 0.293655 0.289048 0.280885 0.279545 0.271430 0.269744 0.262568 0.235587 0.244056 0.242132 0.241635 0.243934 0.240139 0.231659 0.224220 0.224220 0.506620 0.531033 0.531033 0.522287 0.201146 0.205772 0.212314 0.205656 0.200361 0.941371 0.960516 1.003599 0.960516 1.000000 0.937865 0.764080 0.764080 0.764241 0.975068 0.792191 0.739751 0.689162 0.689162 0.692443 0.689422 0.688974 0.672144 0.567944 0.581901
0.339407 0.336248 0.384379 0.351504 0.323215 0.327686 0.297961 0.291793 0.297277 0.289394 0.298165 0.335747 0.364376 0.288108 0.284128 0.279113 0.274766 0.267348 0.263020 0.239046 0.247609 0.245583 0.248020 0.239382 0.231659 0.231659 0.232112 0.224220 0.213715 0.206413 0.209887 0.213415 0.213415 0.212586 0.213833 0.212648 0.206822 0.206822 0.960516 0.960516 0.948726 0.952887 0.958646 0.823676 0.776706 0.882837 0.764241 0.739751 0.739751 0.689162 0.707417 0.704185 0.701042 0.686247 0.671666 0.658271 0.567934
0.457435 0.424743 0.330782 0.350941 0.323217 0.446826 0.413429 0.285528 0.282800 0.292902 0.290139 0.293164 0.288103 0.469948 0.284003 0.279131 0.271764 0.270480 0.263020 0.242853 0.251493 0.251465 0.245532 0.239400 0.237561 0.233969 0.227902 0.217205 0.219002 0.206413 0.211839 0.215649 0.219971 0.218483 0.217133 0.212638 0.213670 0.206822 0.929247 0.948726 0.979788 0.974269 0.974153 0.776706 0.817112 0.780481 0.764196 0.776440 0.776651 0.689304 0.703957 0.725229 0.704205 0.689505 0.671666 0.711244 0.696748
0.438310 0.445427 0.435445 0.442379 0.432442 0.484547 0.422683 0.272004 0.294671 0.294366 0.284888 0.284888 0.280534 0.639099 0.276211 0.279134 0.275086 0.267425 0.258867 0.250691 0.258380 0.248990 0.245265 0.241997 0.235418 0.231734 0.220787 0.224907 0.219014 0.213587 0.209887 0.220948 0.220948 0.224265 0.218351 0.212638 0.217923 0.211080 0.929247 0.955155 0.974629 1.570107 0.968968 0.789392 0.812226 0.806216 0.789743 0.789716 0.764518 0.764518 0.764693 0.700745 0.730094 0.711990 0.729833 0.711511 0.700147
0.464796 0.515895 0.472766 0.480784 0.478351 0.469168 0.432442 0.437262 0.278387 0.259503 0.259503 0.271931 0.896590 0.276211 0.281912 0.277777 0.270334 0.266222 0.261358 0.257418 0.246741 0.251423 0.245431 0.239029 0.240156 0.231734 0.226679 0.224412 0.222462 0.216969 0.220896 0.220948 0.228271 0.228290 0.221208 0.224186 0.222278 0.215367 0.959968 0.964547 0.990126 1.855650 1.005137 0.983639 0.820158 0.823115 0.806479 0.789343 0.789502 0.781061 0.783915 0.764693 0.726529 0.748939 0.726529 0.712313 0.697058
0.438310 0.452717 0.533580 0.452717 0.519153 0.442649 0.454828 0.447548 0.437517 0.259503 0.593850 0.265418 0.887900 0.267611 0.271788 0.267947 0.273077 0.263230 0.257278 0.250628 0.238957 0.247485 0.238957 0.239029 0.231734 0.236104 0.232379 0.226666 0.220687 0.217152 0.222749 0.226895 0.232691 0.231358 0.267730 0.224333 0.224167 0.940871 0.965248 0.986627 1.005676 -9999.000000 1.000000 0.829735 0.832983 0.832234 0.828206 0.819053 0.809665 0.796890 0.780432 0.768481 0.757074 0.745156 0.730593 0.715338 0.697326
0.486893 0.485269 0.504003 0.463249 0.522819 0.452959 0.494244 0.447932 0.474237 0.259503 0.259503 0.963285 0.424787 0.265375 0.266064 0.259024 0.271608 0.261991 0.254776 0.246736 0.242730 0.257470 0.262725 0.262725 0.258441 0.228028 0.232329 0.226303 0.220634 0.234211 0.229855 0.235773 0.235643 0.235413 0.280107 0.230220 0.224167 0.228457 0.959968 0.816982 0.838699 0.852082 -9999.000000 0.847059 0.845864 0.850609 0.832829 0.818613 0.805943 0.794519 0.783258 0.772158 0.761215 0.750861 0.737881 0.722966 0.705021
0.500436 0.520122 0.511069 0.536407 0.463249 0.504920 0.466153 0.491967 0.447757 0.257688 0.265418 0.375268 0.268198 0.263135 0.259135 0.313319 0.259024 0.261614 0.257358 0.255640 0.249103 0.265194 0.275908 0.263037 0.268051 0.267848 0.224362 0.224362 0.266373 0.238220 0.238488 0.239617 0.240037 0.239809 0.325066 0.233246 0.234654 0.228457 0.810913 0.830098 0.852182 1.348999 1.000000 0.859100 0.864234 0.841655 0.828206 0.822957 0.809629 0.796726 0.779657 0.767501 0.756910 0.746345 0.735036 0.719824 0.702251
0.506887 0.526569 0.518257 0.513077 0.514638 0.468336 0.512940 0.484172 0.447891 0.440130 0.270545 0.310781 0.310781 0.313233 0.318485 0.321687 0.313292 0.313277 0.313277 0.317662 0.258097 0.265486 0.270438 0.275529 0.272416 0.274635 0.270860 0.270865 0.273148 0.238220 0.248726 0.244240 0.244205 0.243913 0.350118 0.311433 0.272640 0.228677 0.810913 0.967822 0.844233 0.865894 1.435800 0.871916 0.878057 0.855322 0.855233 0.802162 0.789222 0.776611 0.783566 0.767575 0.756879 0.745591 0.728803 0.716887 0.684873
0.514091 0.533974 0.528182 0.521049 0.549248 0.522237 0.468143 0.485977 0.480702 0.440130 0.257688 0.313430 0.616632 0.321892 0.334605 0.322173 0.313292 0.322048 0.323463 0.316472 0.316472 0.264226 0.269692 0.274946 0.282200 0.279371 0.278956 0.279260 0.270906 0.234346 0.240213 0.249256 0.248783 0.335358 0.336555 0.237440 0.339641 0.228770 0.811124 0.967388 0.854557 0.963779 0.861110 1.097142 0.892163 0.869707 0.879303 0.879303 0.865045 0.752243 0.771941 0.771515 0.759122 0.736400 0.726967 0.742487 0.704062
0.521404 0.541532 0.538439 0.529211 0.559866 0.489069 0.495829 0.492670 0.474334 0.440324 0.312640 0.313430 0.480203 0.323820 0.335659 0.332195 0.324160 0.331191 0.335038 0.329714 0.316472 0.256697 0.283090 0.282309 0.282309 0.285239 0.287325 0.276478 0.281000 0.270906 0.247025 0.256048 0.368875 0.247038 0.280017 0.224336 0.390637 0.224336 0.811302 1.048889 1.243019 0.844589 0.881550 1.011589 0.901281 0.894425 0.902880 0.884322 0.865045 0.755940 0.756282 0.751818 0.740138 0.736400 0.684169 0.818313 0.811888
0.528822 0.549198 0.548904 0.539396 0.573549 0.529477 0.516256 0.478259 0.449283 0.317765 0.321504 0.318506 0.415603 0.318506 0.328885 0.341007 0.340266 0.331655 0.338920 0.327138 0.320559 0.320559 0.291588 0.288930 0.290860 0.290285 0.292833 0.282345 0.267398 0.267398 0.262130 0.257050 0.394833 0.275277 0.232650 0.224336 0.224336 0.283324 0.952202 0.827892 0.833085 0.909617 0.909617 0.968534 0.914928 0.912793 0.917928 0.893581 0.869771 0.739976 0.739579 0.739579 0.720965 0.720965 0.684169 0.684169 0.684428
