ASCII/am3.txt
ncols         489
nrows         533
xllcorner     593175.11526712
yllcorner     2721796.0885475
cellsize      29.615804956512
NODATA_value  -9999
[rows 375 to 399 of 533, columns 57 to 113 of 489]
-9999.000000 -9999.000000 -9999.000000 -9999.000000 -9999.000000 -9999.000000 -9999.000000 -9999.000000 -9999.000000 -9999.000000 -9999.000000 -9999.000000 -9999.000000 -9999.000000 -9999.000000 -9999.000000 -9999.000000 -9999.000000 -9999.000000 -9999.000000 -9999.000000 -9999.000000 -9999.000000 0.043475 -9999.000000 -9999.000000 -9999.000000 -9999.000000 -9999.000000 -9999.000000 -9999.000000 -9999.000000 -9999.000000 0.025798 0.027018 0.028305 0.028305 0.031010 0.032495 0.032495 0.032533 0.032346 0.032346 0.032332 0.021238 0.021245 0.022200 0.023159 0.024227 0.026357 0.027595 0.028875 0.030196 0.031569 0.033003 0.034481 0.036046
-9999.000000 -9999.000000 -9999.000000 -9999.000000 -9999.000000 -9999.000000 -9999.000000 -9999.000000 -9999.000000 -9999.000000 -9999.000000 -9999.000000 -9999.000000 -9999.000000 -9999.000000 -9999.000000 -9999.000000 -9999.000000 -9999.000000 -9999.000000 -9999.000000 0.045357 0.045357 0.045262 0.045262 0.043255 0.044999 -9999.000000 -9999.000000 -9999.000000 1.000000 -9999.000000 0.024729 0.025884 0.027018 0.028305 0.029642 0.031026 0.032495 0.033955 0.033955 0.033798 0.033798 0.033766 0.033750 0.022195 0.022200 0.023227 0.024227 0.025354 0.027610 0.028875 0.028982 0.030308 0.031689 0.033107 0.036008
-9999.000000 -9999.000000 -9999.000000 -9999.000000 -9999.000000 -9999.000000 -9999.000000 -9999.000000 -9999.000000 -9999.000000 -9999.000000 -9999.000000 -9999.000000 -9999.000000 -9999.000000 -9999.000000 -9999.000000 -9999.000000 -9999.000000 -9999.000000 0.047293 0.045357 0.047304 0.047304 0.045262 0.047081 0.047022 0.047006 0.047006 0.046915 0.046915 0.046923 0.051291 0.025884 0.027094 0.028342 0.029642 0.031028 0.032483 0.033955 0.035409 0.033792 0.035349 0.035349 0.035330 0.035336 0.023233 0.024295 0.024301 0.025354 0.026529 0.027722 0.030205 0.031586 0.033032 0.034531 0.034616
-9999.000000 -9999.000000 -9999.000000 -9999.000000 -9999.000000 -9999.000000 -9999.000000 -9999.000000 -9999.000000 -9999.000000 -9999.000000 -9999.000000 -9999.000000 -9999.000000 -9999.000000 -9999.000000 -9999.000000 0.047460 0.047360 0.047320 0.047288 0.049382 0.049404 0.049404 0.049252 0.049207 0.049226 0.049196 0.049196 0.049109 0.049109 0.049079 0.053512 0.053646 0.053646 0.028342 0.029639 0.031008 0.032451 0.033921 0.035409 0.037000 0.035349 0.036996 0.036996 0.037006 0.037010 0.024308 0.025425 0.025425 0.027725 0.028953 0.030224 0.031586 0.034487 0.036113 0.036123
-9999.000000 -9999.000000 -9999.000000 -9999.000000 -9999.000000 -9999.000000 -9999.000000 -9999.000000 -9999.000000 -9999.000000 -9999.000000 -9999.000000 -9999.000000 -9999.000000 -9999.000000 -9999.000000 0.047460 0.049529 0.049473 0.049473 0.049452 0.051610 0.049404 0.051590 0.051490 0.051490 0.051527 0.051490 0.051490 0.051393 0.051393 0.055995 0.056023 0.056061 0.056136 0.032258 0.038596 0.033796 0.035365 0.036971 0.038676 0.037000 0.038695 0.038703 0.038699 0.038727 0.038727 0.038794 0.025425 0.026563 0.027729 0.028953 0.030224 0.032990 0.034487 0.036106 0.037790
-9999.000000 -9999.000000 -9999.000000 -9999.000000 -9999.000000 -9999.000000 -9999.000000 -9999.000000 -9999.000000 -9999.000000 -9999.000000 -9999.000000 -9999.000000 -9999.000000 -9999.000000 -9999.000000 0.049539 0.051708 0.051706 0.051712 0.051712 0.053974 0.053933 0.053912 0.053912 0.053835 0.053904 0.053904 0.053869 0.053856 0.053858 0.058690 0.058702 0.058702 0.058734 0.033731 0.033731 0.040373 0.038634 0.040425 0.038676 0.040464 0.038695 0.040471 0.040481 0.040481 0.040509 0.040529 0.040529 0.025425 0.027729 0.028953 0.031551 0.032987 0.034545 0.036179 0.037790
-9999.000000 -9999.000000 -9999.000000 -9999.000000 -9999.000000 -9999.000000 -9999.000000 -9999.000000 -9999.000000 -9999.000000 -9999.000000 -9999.000000 -9999.000000 -9999.000000 -9999.000000 0.039803 0.041599 0.054023 0.054044 0.054088 0.054088 0.056480 0.056454 0.056433 0.056436 0.056322 0.056452 0.056452 0.056446 0.056440 0.056439 0.061501 0.061501 0.061442 0.061456 0.064118 0.035304 0.035304 0.042255 0.040426 0.042284 0.042289 0.042338 0.042338 0.042356 0.042356 0.042375 0.042387 0.042387 0.042413 0.030171 0.031563 0.031579 0.032987 0.034541 0.036179 0.037873
-9999.000000 -9999.000000 -9999.000000 -9999.000000 -9999.000000 -9999.000000 -9999.000000 -9999.000000 -9999.000000 -9999.000000 -9999.000000 -9999.000000 -9999.000000 -9999.000000 0.043417 0.043458 0.043460 0.043499 0.056526 0.056566 0.056566 0.059064 0.059064 0.059052 0.059052 0.058918 0.059073 0.059075 0.059090 0.059102 0.059102 0.064406 0.064357 0.064357 0.067125 0.067097 0.036948 0.036948 0.036957 0.044196 0.042283 0.044254 0.044254 0.044308 0.044331 0.044331 0.044333 0.044333 0.044285 0.044304 0.046281 0.031551 0.033023 0.033044 0.034536 0.036169 0.037873
-9999.000000 -9999.000000 -9999.000000 -9999.000000 -9999.000000 -9999.000000 -9999.000000 -9999.000000 -9999.000000 -9999.000000 -9999.000000 -9999.000000 0.045452 0.045430 0.045461 0.045459 0.045510 0.045510 0.045542 0.059158 0.059156 0.059156 0.061780 0.061761 0.061729 0.061637 0.061637 0.061812 0.061812 0.061816 0.061816 0.067384 0.067384 0.067384 0.070288 0.070253 0.070301 0.038681 0.038681 0.042264 0.046250 0.044254 0.046318 0.046318 0.046399 0.046394 0.046394 0.046353 0.046343 0.046343 0.048446 0.048446 0.033020 0.034547 0.034559 0.036169 0.034706
-9999.000000 -9999.000000 -9999.000000 -9999.000000 -9999.000000 -9999.000000 -9999.000000 -9999.000000 -9999.000000 -9999.000000 -9999.000000 0.043456 0.045482 0.047593 0.047593 0.047637 0.047637 0.047679 0.047684 0.059162 0.061886 0.061886 0.064638 0.064638 0.064628 0.064560 0.064542 0.064570 0.064721 0.064721 0.070556 0.070574 0.070574 0.067399 0.073606 0.073577 0.073618 0.073676 0.040477 0.044253 0.044253 0.048423 0.046318 0.048510 0.048529 0.048550 0.048550 0.048527 0.048527 0.050644 0.050657 0.050714 0.034538 0.034538 0.036116 0.037893 0.036252
-9999.000000 -9999.000000 -9999.000000 -9999.000000 -9999.000000 -9999.000000 -9999.000000 -9999.000000 0.040303 0.041629 0.047482 0.047460 0.045500 0.047643 0.049871 0.049871 0.049903 0.049903 0.049878 0.061874 0.064789 0.064789 0.067712 0.067668 0.067659 0.067599 0.067587 0.067620 0.067727 0.067790 0.073898 0.073898 0.070574 0.073780 0.077044 0.077009 0.077009 0.077000 0.042279 0.044257 0.046351 0.046351 0.050706 0.048491 0.050747 0.050767 0.050766 0.050766 0.053039 0.053033 0.053033 0.053063 0.060310 0.036123 0.037832 0.037832 0.039694
-9999.000000 -9999.000000 -9999.000000 -9999.000000 -9999.000000 -9999.000000 -9999.000000 0.042164 0.042050 0.043514 0.047498 0.049714 0.049698 0.047656 0.049910 0.052240 0.052240 0.052196 0.052196 0.059445 0.064789 0.067826 0.070867 0.070814 0.070814 0.070788 0.070788 0.070805 0.070879 0.070879 0.077196 0.073898 0.077157 0.080654 0.080654 0.080615 0.080511 0.080552 0.079762 0.044257 0.046351 0.048480 0.050684 0.053056 0.050746 0.053095 0.053095 0.053098 0.055505 0.055502 0.055495 0.055525 0.063113 0.037850 0.037832 0.039619 0.039675
-9999.000000 -9999.000000 -9999.000000 -9999.000000 0.042229 0.044111 0.044111 0.044021 0.042149 0.041745 0.045550 0.049722 0.052060 0.052060 0.049910 0.052240 0.054630 0.054630 0.054630 0.062201 0.065022 0.065022 0.070903 0.074130 0.074128 0.074135 0.074135 0.074123 0.074123 0.080654 0.080640 0.080640 0.084567 0.084440 0.084488 0.084488 0.084387 0.084387 0.083535 0.083535 0.083535 0.048498 0.050684 0.053056 0.055516 0.053095 0.055531 0.055531 0.058059 0.058059 0.058061 0.058087 0.066020 0.066018 0.039619 0.041434 0.043347
-9999.000000 -9999.000000 -9999.000000 0.040431 0.042229 0.044111 0.046052 0.046052 0.044116 0.043692 0.047660 0.049855 0.052060 0.054508 0.057038 0.057060 0.057060 0.057118 0.059639 0.059639 0.065022 0.067969 0.070935 0.074146 0.077569 0.077578 0.077569 0.077569 0.077569 0.084341 0.084303 0.084626 0.088492 0.088501 0.088501 0.088548 0.088452 0.088418 0.088418 0.087420 0.087420 0.050783 0.050783 0.055515 0.055515 0.058085 0.058094 0.058094 0.060729 0.060748 0.060722 0.060722 0.066028 0.069067 0.069067 0.043391 0.043391
-9999.000000 -9999.000000 -9999.000000 -9999.000000 0.042229 0.044107 0.046052 0.048023 0.046052 0.045651 0.047695 0.049880 0.052196 0.054610 0.057043 0.059699 0.059699 0.059699 0.062328 0.062328 0.065071 0.067969 0.070935 0.074146 0.077551 0.081139 0.081103 0.081103 0.088241 0.088165 0.088165 0.084555 0.088573 0.092729 0.092739 0.092739 0.092654 0.092654 0.088473 0.088473 0.091429 0.050783 0.053190 0.055527 0.058092 0.060765 0.060796 0.060796 0.063547 0.063562 0.063519 0.063519 0.075460 0.069067 0.072253 0.043391 0.045421
-9999.000000 -9999.000000 -9999.000000 -9999.000000 0.043883 0.045898 0.047964 0.050034 0.050034 0.045651 0.047695 0.049880 0.052196 0.054610 0.057149 0.059699 0.062418 0.062418 0.065169 0.065169 0.065145 0.067981 0.070937 0.074133 0.077551 0.081139 0.084816 0.084720 0.092284 0.092284 0.092172 0.092081 0.088573 0.092790 0.097084 0.097084 0.097032 0.097032 0.092655 0.092537 0.095647 0.050967 0.055662 0.055662 0.058078 0.060783 0.063620 0.063620 0.066495 0.066495 0.066437 0.066342 0.078859 0.078925 0.078941 0.075616 0.079078
-9999.000000 -9999.000000 -9999.000000 0.042002 0.043871 0.045884 0.047964 0.050042 0.052223 0.052183 0.057001 0.059478 0.062238 0.065138 0.057149 0.059780 0.062418 0.065169 0.068069 0.065169 0.068046 0.068046 0.071019 0.074122 0.077527 0.081125 0.084816 0.088510 0.088492 0.096549 0.096549 0.096487 0.096476 0.101375 0.097084 0.101512 0.101512 0.097032 0.101347 0.096786 0.100153 0.100153 0.053354 0.058212 0.060852 0.060783 0.063620 0.066495 0.069465 0.069465 0.069390 0.069390 0.082504 0.082504 0.082619 0.082619 0.082743
-9999.000000 -9999.000000 -9999.000000 0.041949 0.043863 0.045884 0.047792 0.049921 0.052215 0.054570 0.054570 0.059612 0.062238 0.065138 0.068163 0.068163 0.068181 0.068181 0.071061 0.071010 0.068046 0.071075 0.071019 0.074167 0.077515 0.081108 0.084816 0.088455 0.092510 0.092510 0.100996 0.100996 0.100970 0.101375 0.106028 0.106028 0.106057 0.106057 0.101347 0.096957 0.100153 0.104828 0.055717 0.058172 0.060866 0.063675 0.066579 0.069518 0.069465 0.072595 0.072595 0.082685 0.086353 0.086335 0.082619 0.086434 0.086567
-9999.000000 -9999.000000 0.040125 0.041949 0.043863 0.045627 0.047750 0.049921 0.052140 0.054570 0.057025 0.059578 0.062370 0.065284 0.068163 0.071279 0.071287 0.071287 0.074328 0.074328 0.074292 0.074295 0.074295 0.099930 0.077389 0.080928 0.084629 0.088455 0.092510 0.096661 0.100996 0.105583 0.105583 0.110299 0.106028 0.110698 0.110726 0.106057 0.101454 0.101494 0.097112 0.109482 0.051259 0.058251 0.060866 0.063661 0.066512 0.069518 0.072635 0.072635 0.075866 0.086475 0.090348 0.090348 0.090318 0.090466 0.090466
-9999.000000 -9999.000000 0.040123 0.047415 0.049629 0.045583 0.047701 0.049889 0.052140 0.054490 0.056943 0.059564 0.062356 0.065284 0.068319 0.071283 0.074542 0.074542 0.077775 0.077764 0.077764 0.077764 0.077419 0.077419 0.104440 0.080928 0.096265 0.100638 0.105272 0.110034 0.110034 0.105583 0.110299 0.115172 0.110698 0.115434 0.115434 0.110726 0.106050 0.101494 0.101680 0.114270 0.053512 0.058251 0.060934 0.063665 0.066512 0.069478 0.072635 0.075916 0.075916 0.079276 0.090418 0.094540 0.094540 0.094549 0.094708
-9999.000000 -9999.000000 0.045349 0.047415 0.049620 0.051924 0.054312 0.054358 0.052147 0.054480 0.056943 0.059564 0.062356 0.065292 0.068319 0.071434 0.074542 0.077896 0.081242 0.081242 0.081239 0.081239 0.081010 0.081010 0.080842 0.109189 0.096210 0.100529 0.105163 0.110034 0.115083 0.115083 0.120255 0.120255 0.120255 0.120166 0.120313 0.115434 0.110668 0.106137 0.101680 0.119130 0.055791 0.058296 0.060934 0.066433 0.069438 0.069478 0.072644 0.075916 0.079276 0.082780 0.090429 0.094591 0.098930 0.098963 0.098963
-9999.000000 -9999.000000 0.047523 0.047404 0.049620 0.051924 0.054330 0.056814 0.056814 0.054501 0.056943 0.059559 0.062360 0.065303 0.068337 0.071434 0.074642 0.077896 0.081242 0.084793 0.084793 0.084798 0.084664 0.084574 0.084521 0.109189 0.114035 0.100504 0.105129 0.110024 0.115083 0.120287 0.125730 0.125730 0.125639 0.125639 0.125230 0.125230 0.125228 0.120113 0.115157 0.124229 0.124259 0.060851 0.063569 0.066407 0.069438 0.072609 0.075896 0.079281 0.082793 0.086567 0.086567 0.094613 0.098978 0.103521 0.103521
0.043557 0.043557 0.045467 0.049741 0.049630 0.051928 0.054330 0.056847 0.059380 0.059380 0.056909 0.059503 0.062286 0.065223 0.068273 0.071409 0.074642 0.077896 0.081200 0.084793 0.088422 0.088422 0.088391 0.088391 0.088332 0.088332 0.114052 0.119118 0.105079 0.109947 0.115019 0.120287 0.125730 0.131280 0.131280 0.131020 0.130951 0.130951 0.130626 0.130620 0.130457 0.129710 0.129710 0.129760 0.066372 0.066388 0.069422 0.072585 0.075856 0.079230 0.082793 0.086567 0.090491 0.094613 0.098978 0.103521 0.108165
0.043538 0.045514 0.047556 0.049749 0.052071 0.052064 0.052182 0.059407 0.059407 0.061986 0.067608 0.059558 0.062317 0.065223 0.068273 0.071409 0.074580 0.077529 0.081001 0.084624 0.088363 0.092293 0.092403 0.092403 0.092372 0.100450 0.109206 0.119193 0.124603 0.125035 0.130605 0.136615 0.136880 0.136983 0.136983 0.136885 0.136885 0.136645 0.136645 0.136384 0.136355 0.135588 0.135588 0.135586 0.135668 0.069385 0.069541 0.072697 0.075971 0.079404 0.082921 0.086688 0.090554 0.094632 0.098987 0.103539 0.108165
0.043538 0.045514 0.047556 0.049754 0.052077 0.054504 0.054504 0.054591 0.062052 0.064706 0.067622 0.070726 0.062421 0.065310 0.068274 0.071335 0.074196 0.077529 0.081001 0.084546 0.088363 0.092293 0.096392 0.096550 0.096550 0.105036 0.114183 0.119320 0.124756 0.130395 0.130767 0.136615 0.142842 0.142974 0.142974 0.142883 0.142815 0.142815 0.142624 0.142564 0.141814 0.135588 0.141812 0.141812 0.141812 0.072447 0.075648 0.072676 0.075971 0.079404 0.082981 0.086688 0.094384 0.098629 0.103164 0.107935 0.112789
