ASCII/am3.txt
ncols         489
nrows         533
xllcorner     593175.11526712
yllcorner     2721796.0885475
cellsize      29.615804956512
NODATA_value  -9999
[rows 50 to 74 of 533, columns 114 to 170 of 489]
0.053169 0.055553 0.057970 0.060486 0.063124 0.065996 0.068904 0.071983 0.071983 0.075140 0.085307 0.089279 0.093267 0.093267 0.095268 0.105299 0.107591 0.109883 0.111965 0.111965 0.111903 0.112077 0.112077 0.109708 0.109708 0.110187 0.107772 0.123050 0.108720 0.113656 0.113656 0.116167 0.113643 0.113743 0.113743 0.111282 0.111282 0.106574 0.106574 0.104359 0.102188 0.094514 0.092617 0.090712 0.088852 0.087017 0.085181 0.083359 0.081542 0.079720 0.082797 0.079153 0.075589 0.063700 0.060901 0.058204 0.055614
0.048717 0.050931 0.053194 0.055513 0.057945 0.060538 0.063300 0.066174 0.069106 0.072067 0.085307 0.091245 0.091258 0.091258 0.093244 0.105278 0.107578 0.109883 0.111965 0.114319 0.114319 0.114537 0.112147 0.112147 0.112670 0.113253 0.128778 0.128778 0.128746 0.113656 0.116167 0.118728 0.116167 0.116292 0.116292 0.113743 0.111282 0.108941 0.106574 0.104274 0.096211 0.096211 0.096211 0.094163 0.094225 0.092251 0.085181 0.083359 0.081537 0.084606 0.082794 0.079151 0.075620 0.072204 0.060341 0.060341 0.059069
0.048717 0.050931 0.053194 0.055481 0.057945 0.060538 0.063300 0.063300 0.066174 0.069106 0.087216 0.090494 0.094568 0.098704 0.100831 0.105278 0.107578 0.109614 0.111959 0.114319 0.116620 0.116914 0.114537 0.115124 0.117859 0.115831 0.131737 0.131696 0.131696 0.128886 0.123635 0.121168 0.118682 0.118682 0.116292 0.113862 0.111282 0.108941 0.106580 0.104554 0.102405 0.098284 0.096211 0.096271 0.094225 0.090362 0.090362 0.088404 0.086493 0.084605 0.080902 0.069201 0.069201 0.066092 0.063184 0.061860 0.056510
0.048707 0.050798 0.053115 0.055481 0.057944 0.060544 0.060519 0.075852 0.079314 0.082893 0.086587 0.090494 0.094568 0.096163 0.100414 0.104800 0.109407 0.111788 0.114204 0.116620 0.118977 0.118977 0.119094 0.117520 0.120366 0.117859 0.134110 0.134110 0.131793 0.126216 0.126216 0.123563 0.121168 0.118682 0.116292 0.113873 0.111489 0.109159 0.106834 0.104612 0.100384 0.100384 0.098328 0.096271 0.092388 0.092388 0.090402 0.088434 0.086509 0.082713 0.079090 0.072447 0.069224 0.066093 0.064722 0.059179 0.059179
0.048586 0.050798 0.053077 0.053077 0.064990 0.067887 0.070812 0.075852 0.077163 0.080692 0.084295 0.088066 0.092023 0.096163 0.100414 0.104800 0.109407 0.111775 0.114204 0.114209 0.116620 0.121387 0.121387 0.119594 0.122286 0.133227 0.136375 0.134110 0.131793 0.128970 0.126216 0.143918 0.118682 0.118682 0.113873 0.113873 0.111527 0.106999 0.106834 0.104612 0.102473 0.100384 0.098328 0.096352 0.094373 0.092388 0.090402 0.088434 0.086518 0.082713 0.075684 0.072424 0.070836 0.067700 0.064742 0.061970 0.059205
0.048617 0.050778 0.050767 0.062187 0.065047 0.067964 0.067964 0.073864 0.077163 0.080624 0.084295 0.088066 0.092023 0.092023 0.100313 0.100313 0.106964 0.111775 0.111797 0.114209 0.114209 0.118977 0.123864 0.121704 0.124640 0.142725 0.146629 0.136375 0.134061 0.147085 0.147085 0.136819 0.133861 0.116177 0.116193 0.111527 0.109298 0.106999 0.104751 0.102592 0.100514 0.100384 0.098328 0.096352 0.094373 0.092386 0.090384 0.086463 0.082742 0.079134 0.075681 0.072393 0.069204 0.066407 0.066407 0.063516 0.060723
0.048619 0.048609 0.059547 0.062288 0.065047 0.067964 0.070875 0.073864 0.077099 0.080624 0.080624 0.088011 0.088011 0.095910 0.095961 0.102331 0.106964 0.106964 0.111788 0.111796 0.116496 0.123864 0.126474 0.126474 0.126839 0.144963 0.157984 0.146914 0.136299 0.149634 0.139290 0.136819 0.133811 0.139379 0.136628 0.129166 0.126545 0.123883 0.121274 0.102592 0.100514 0.098476 0.096352 0.094410 0.094373 0.092386 0.090384 0.086463 0.082735 0.079138 0.075679 0.072410 0.069246 0.069429 0.066422 0.063513 0.060690
0.054611 0.057076 0.059547 0.062288 0.065100 0.067964 0.067964 0.070875 0.077125 0.077097 0.084171 0.084229 0.084229 0.091761 0.094020 0.102332 0.107062 0.109402 0.109457 0.114056 0.118663 0.121243 0.123864 0.131810 0.131810 0.146386 0.160328 0.140894 0.151386 0.161470 0.145658 0.139290 0.142425 0.139310 0.131827 0.129166 0.126545 0.123883 0.121291 0.118788 0.116399 0.114062 0.111790 0.109527 0.107183 0.092327 0.090346 0.084591 0.084591 0.079138 0.075706 0.074092 0.072481 0.088217 0.084480 0.080799 0.077199
0.054611 0.057076 0.059658 0.062335 0.065100 0.065109 0.065109 0.068033 0.071132 0.071132 0.077576 0.084565 0.088303 0.092147 0.094020 0.098259 0.102599 0.107126 0.111670 0.111670 0.118663 0.121243 0.121243 0.126474 0.137373 0.148458 0.154260 0.149125 0.162982 0.164551 0.152201 0.145658 0.142425 0.134666 0.137592 0.129166 0.131885 0.129148 0.121291 0.118788 0.116399 0.114062 0.111790 0.109506 0.107164 0.104822 0.102525 0.100303 0.098194 0.096117 0.094102 0.092110 0.090129 0.088214 0.084494 0.080815 0.077205
0.054666 0.057122 0.059658 0.062335 0.062383 0.065078 0.068052 0.071161 0.071161 0.074381 0.077704 0.081070 0.088367 0.092318 0.094181 0.098334 0.102599 0.104688 0.109318 0.109318 0.118634 0.118634 0.121061 0.137373 0.143459 0.150827 0.155820 0.159753 0.165558 0.166861 0.153691 0.147304 0.140856 0.140621 0.137588 0.134694 0.134831 0.134831 0.147225 0.147197 0.114052 0.111790 0.111790 0.109457 0.107164 0.104822 0.102512 0.100303 0.098176 0.096132 0.094100 0.092099 0.088150 0.084415 0.080895 0.077381 0.073955
0.052674 0.054738 0.057159 0.059652 0.062276 0.065078 0.068052 0.071161 0.074381 0.077704 0.081153 0.084631 0.088367 0.092318 0.094302 0.098334 0.100285 0.104688 0.104688 0.104641 0.113501 0.113473 0.131345 0.131372 0.137373 0.158074 0.157368 0.161471 0.166729 0.168489 0.160224 0.153691 0.147071 0.140621 0.137588 0.140652 0.137745 0.150444 0.150444 0.147260 0.144076 0.109465 0.109457 0.109457 0.107169 0.104851 0.102534 0.100303 0.098174 0.096131 0.092070 0.088137 0.084376 0.080818 0.077476 0.074133 0.135645
0.052674 0.055021 0.057459 0.059957 0.062521 0.065337 0.068311 0.071385 0.074543 0.077791 0.081153 0.084631 0.088367 0.090066 0.092054 0.096167 0.096167 0.100218 0.100131 0.100053 0.108499 0.108473 0.125556 0.131372 0.143153 0.149576 0.166643 0.163996 0.169058 0.170272 0.167035 0.160224 0.153361 0.146660 0.143576 0.140652 0.137745 0.153695 0.150529 0.147296 0.144076 0.141004 0.107151 0.107169 0.107169 0.104851 0.102556 0.100303 0.098154 0.096142 0.092111 0.154933 0.084371 0.138906 0.141885 0.141894 0.135656
0.052659 0.055021 0.057459 0.059957 0.062559 0.065337 0.068311 0.071385 0.071385 0.074543 0.081153 0.081153 0.088119 0.090066 0.092054 0.092054 0.091995 0.095802 0.095690 0.095612 0.103710 0.120018 0.125544 0.136803 0.143153 0.143153 0.149576 0.171728 0.171479 0.172679 0.169872 0.167035 0.162478 0.146660 0.156268 0.163578 0.160257 0.153695 0.150529 0.147296 0.144099 0.141004 0.135704 0.132890 0.130120 0.104881 0.102618 0.100366 0.165264 0.158328 0.158328 0.154933 0.141886 0.144994 0.144994 0.141862 0.138746
0.052662 0.055021 0.057468 0.059983 0.062593 0.065363 0.068296 0.068284 0.068284 0.077646 0.077646 0.079411 0.088120 0.090044 0.090031 0.090031 0.087947 0.087947 0.091605 0.091469 0.124606 0.130404 0.136259 0.142475 0.148673 0.155370 0.162256 0.179283 0.178097 0.178874 0.172718 0.169872 0.162478 0.163045 0.170610 0.163578 0.160175 0.156780 0.150529 0.147296 0.144099 0.138634 0.135704 0.127139 0.121796 0.119226 0.116675 0.168930 0.165264 0.161720 0.144995 0.144995 0.144969 0.148109 0.144994 0.141862 0.138746
0.052716 0.055021 0.057468 0.059983 0.062593 0.065357 0.065357 0.065323 0.065305 0.074255 0.082488 0.086259 0.088120 0.088120 0.088082 0.086084 0.084096 0.084176 0.087787 0.119220 0.124606 0.130404 0.136469 0.142475 0.148815 0.155370 0.155513 0.162256 0.176547 0.176402 0.179669 0.178158 0.170479 0.174306 0.175003 0.171271 0.156780 0.156780 0.153443 0.151025 0.144709 0.138576 0.132748 0.127139 0.121776 0.119209 0.172651 0.168930 0.165264 0.168518 0.148146 0.148146 0.151335 0.148110 0.144918 0.141864 0.138750
0.052748 0.055039 0.057402 0.057402 0.059846 0.062452 0.062433 0.062396 0.062385 0.070940 0.082488 0.082488 0.086248 0.086252 0.084285 0.084285 0.080577 0.109371 0.114170 0.119204 0.124627 0.130429 0.136469 0.142574 0.148815 0.154830 0.161756 0.168894 0.175929 0.182272 0.182238 0.181999 0.178158 0.178846 0.175003 0.171193 0.167498 0.164008 0.157478 0.151025 0.144709 0.138576 0.132748 0.127226 0.176441 0.176418 0.176201 0.176201 0.176149 0.168505 0.154637 0.154637 0.147979 0.144795 0.141629 0.138520 0.135482
0.052748 0.052748 0.054945 0.054890 0.054890 0.059648 0.059609 0.059564 0.059554 0.078756 0.078779 0.082439 0.082439 0.084397 0.084397 0.080700 0.104804 0.109371 0.114170 0.119205 0.124627 0.130429 0.136469 0.136469 0.142574 0.154830 0.161756 0.167407 0.174877 0.182238 0.194508 0.196622 0.181999 0.189009 0.183830 0.183830 0.175609 0.164008 0.151025 0.144890 0.138835 0.132942 0.141818 0.180249 0.180249 0.180202 0.180090 0.180090 0.176141 0.172300 0.161389 0.154637 0.147979 0.141563 0.138456 0.132359 0.126557
0.050502 0.050518 0.050518 0.052474 0.052446 0.052446 0.056944 0.056898 0.075236 0.075229 0.078723 0.078754 0.080720 0.080720 0.092743 0.101038 0.104804 0.109414 0.114151 0.119205 0.124633 0.130349 0.130426 0.130426 0.136345 0.154670 0.160078 0.167407 0.167407 0.174877 0.197107 0.208178 0.192639 0.192385 0.192385 0.183830 0.175783 0.175501 0.167957 0.161149 0.154383 0.147912 0.172800 0.184105 0.184105 0.184015 0.184015 0.180090 0.176141 0.172300 0.164789 0.161389 0.154435 0.138400 0.138248 0.132110 0.126246
0.048288 0.048304 0.048283 0.048283 0.050137 0.050112 0.068947 0.071989 0.073980 0.077281 0.080799 0.084520 0.088402 0.092472 0.096594 0.096594 0.104934 0.109414 0.109414 0.119246 0.124599 0.124572 0.124568 0.124568 0.147886 0.153028 0.159972 0.160009 0.167363 0.191829 0.200350 0.203836 0.204262 0.200682 0.192385 0.183971 0.183625 0.175501 0.181377 0.173942 0.166631 0.192024 0.180252 0.188051 0.188051 0.188051 0.187961 0.183911 0.179870 0.175745 0.168280 0.164789 0.144657 0.144589 0.138248 0.132110 0.126246
0.046140 0.046145 0.046145 0.046123 0.046123 0.066051 0.068947 0.070947 0.074115 0.077349 0.080778 0.084476 0.088342 0.092421 0.096594 0.100645 0.104934 0.104934 0.114100 0.114100 0.119095 0.119095 0.118962 0.141262 0.146257 0.146257 0.152939 0.159936 0.183373 0.191591 0.200350 0.232853 0.203964 0.203962 0.200682 0.192083 0.183625 0.189709 0.191675 0.191478 0.200541 0.196222 0.184180 0.184180 0.192189 0.192121 0.192121 0.187928 0.183809 0.175787 0.151148 0.151148 0.151123 0.144517 0.138205 0.132086 0.126199
0.044074 0.044074 0.044087 0.044087 0.063229 0.064918 0.067851 0.070947 0.074160 0.077426 0.080827 0.084476 0.088240 0.092299 0.096483 0.100645 0.096483 0.100645 0.100503 0.113964 0.113964 0.140569 0.146969 0.149997 0.153384 0.160307 0.167810 0.175303 0.183096 0.190741 0.195064 0.203774 0.211340 0.207177 0.207175 0.203651 0.198478 0.200613 0.200391 0.205063 0.205063 0.200591 0.188242 0.184256 0.196289 0.196289 0.192121 0.187928 0.183809 0.165045 0.158008 0.158008 0.151077 0.144517 0.132507 0.126660 0.159480
0.042129 0.042125 0.042211 0.057166 0.059720 0.064914 0.067869 0.070966 0.074160 0.077426 0.080827 0.084427 0.088288 0.092299 0.096483 0.096483 0.096483 0.092343 0.096337 0.128760 0.134599 0.140684 0.147002 0.150281 0.156894 0.160365 0.163836 0.182564 0.186523 0.190741 0.195064 0.195064 0.203774 0.210706 0.210642 0.207175 0.198478 0.209872 0.209699 0.209699 0.205063 0.192367 0.188266 0.184256 0.200362 0.196289 0.192121 0.187962 0.179837 0.172214 0.165045 0.158008 0.151077 0.138546 0.166989 0.166902 0.159621
0.040316 0.040316 0.054738 0.057192 0.059749 0.062414 0.067924 0.070995 0.074160 0.077426 0.077576 0.084437 0.088288 0.088488 0.092413 0.092413 0.092343 0.092343 0.088382 0.128760 0.134599 0.140684 0.147033 0.150281 0.153633 0.160365 0.163836 0.167267 0.170826 0.178501 0.186607 0.195160 0.210642 0.219809 0.210642 0.219805 0.219366 0.219158 0.219158 0.209699 0.200944 0.192367 0.208966 0.204549 0.200362 0.196205 0.213483 0.204319 0.208107 0.199328 0.158008 0.151452 0.144854 0.174623 0.174623 0.167039 0.159748
0.050155 0.052412 0.054738 0.057192 0.059749 0.062414 0.065214 0.068132 0.071146 0.074258 0.077576 0.081135 0.084803 0.088488 0.088476 0.088476 0.088476 0.088361 0.125994 0.131601 0.137567 0.143833 0.147033 0.150306 0.153633 0.157003 0.163836 0.167267 0.170826 0.178501 0.186742 0.201554 0.218691 0.228418 0.228418 0.219805 0.228457 0.228457 0.219158 0.209939 0.218398 0.218398 0.208847 0.218330 0.200362 0.223000 0.217891 0.217691 0.217691 0.208007 0.203556 0.190738 0.190738 0.182463 0.174623 0.167039 0.159748
0.067965 0.071090 0.054738 0.057192 0.059749 0.084648 0.088474 0.092439 0.096544 0.100844 0.074464 0.077875 0.081362 0.084823 0.125018 0.125018 0.120067 0.135752 0.141813 0.138795 0.137567 0.143833 0.147033 0.150306 0.153633 0.157003 0.157003 0.160416 0.170878 0.178682 0.192857 0.209100 0.218691 0.228418 0.238171 0.238171 0.238171 0.228457 0.219158 0.209939 0.228153 0.218398 0.223190 0.218304 0.227813 0.227813 0.227726 0.227726 0.217691 0.222270 0.212633 0.199384 0.190738 0.182463 0.174689 0.167133 0.159917
