ASCII/am4.txt
ncols         489
nrows         533
xllcorner     593175.11526712
yllcorner     2721796.0885475
cellsize      29.615804956512
NODATA_value  -9999
[rows 200 to 224 of 533, columns 228 to 284 of 489]
0.623085 0.614018 0.664487 0.664487 0.680905 0.680905 0.680854 0.680854 0.662966 0.672196 0.699484 0.699795 0.699795 0.699795 0.699716 0.761856 0.773439 0.785044 0.795894 0.806702 0.806702 0.795634 0.826726 0.838135 0.838135 0.838163 0.919478 0.919406 0.932832 0.810728 0.810728 1.321607 0.821348 0.838468 0.840802 0.823781 0.831162 0.838609 0.846123 0.853704 0.861352 0.869070 0.876856 0.884712 0.887258 -9999.000000 -9999.000000 -9999.000000 -9999.000000 -9999.000000 -9999.000000 -9999.000000 -9999.000000 -9999.000000 -9999.000000 -9999.000000 -9999.000000
0.614018 0.614018 0.604943 0.654739 0.671024 0.671024 0.671024 0.662966 0.672196 0.681321 0.690387 0.690387 0.680867 0.689797 0.689797 0.761892 0.773439 0.785044 0.795894 0.795894 0.795634 0.784538 0.784355 0.826288 0.826288 0.826444 0.906403 0.919385 0.799084 0.809895 0.821348 0.821348 0.812712 0.812712 0.818050 0.829135 0.836563 0.844059 0.851621 0.859251 0.866950 0.874717 0.882554 0.884712 0.886876 0.889189 -9999.000000 1.000000 1.000000 1.000000 -9999.000000 -9999.000000 -9999.000000 -9999.000000 -9999.000000 -9999.000000 -9999.000000
0.605257 0.604863 0.604827 0.661188 0.635051 0.644497 0.653926 0.663361 0.672666 0.681321 0.681321 0.672201 0.662644 0.653072 0.679911 0.761892 0.762596 0.774168 0.785044 0.774168 0.784538 0.784538 0.773068 0.803904 0.815042 0.815042 0.717813 0.728001 0.728001 0.751098 0.759306 0.769926 0.769926 0.777980 0.797922 0.808707 0.818841 0.828401 0.839060 0.847426 0.855791 0.863459 0.871195 0.879000 0.886876 0.889045 1.225671 1.000000 1.000000 1.000000 -9999.000000 -9999.000000 -9999.000000 -9999.000000 -9999.000000 -9999.000000 -9999.000000
0.605257 0.596210 0.596050 0.651690 0.635051 0.644326 0.653926 0.653788 0.663361 0.672666 0.672201 0.662577 0.662644 0.653072 0.643692 0.751194 0.762596 0.762596 0.774168 0.763371 0.773230 0.773230 0.773068 0.803904 0.803904 0.707627 0.717733 0.728001 0.738205 0.748686 0.759306 0.769926 0.777980 0.787973 0.797922 0.797922 0.816153 0.827379 0.839060 0.839060 0.841354 0.852345 0.859982 0.867687 0.875461 0.883305 0.891219 1.025819 1.000000 1.000000 1.000000 1.000000 -9999.000000 -9999.000000 -9999.000000 -9999.000000 -9999.000000
0.564635 0.556391 0.587557 0.642378 0.634793 0.644326 0.644333 0.653788 0.653788 0.663023 0.662577 0.662577 0.652903 0.652956 0.720046 0.740622 0.751721 0.762956 0.762956 0.762956 0.752449 0.762003 0.751295 0.792549 0.792549 0.707593 0.717733 0.727615 0.738205 0.748686 0.759306 0.759306 0.769926 0.777980 0.787973 0.787260 0.805164 0.816153 0.827379 0.827381 0.829867 0.847776 0.857674 0.867687 0.875461 0.883305 0.891219 0.899204 1.295611 1.000000 1.000000 1.000000 -9999.000000 -9999.000000 -9999.000000 -9999.000000 -9999.000000
0.564630 0.556362 0.548374 0.540599 0.634777 0.634810 0.644312 0.644312 0.653315 0.652921 0.652921 0.652921 0.652845 0.643433 0.720046 0.730470 0.741073 0.751973 0.752264 0.752264 0.752264 0.741813 0.731642 0.688417 0.697853 0.707593 0.707593 0.727615 0.738205 0.738205 0.748622 0.759036 0.767170 0.767170 0.777066 0.777066 0.793912 0.804665 0.804665 0.813654 0.825256 0.836631 0.847395 0.858298 0.869567 0.881180 0.890228 0.899204 0.907260 1.062410 1.000000 1.000000 1.000000 1.000000 -9999.000000 -9999.000000 -9999.000000
0.564650 0.556362 0.548374 0.540599 0.607907 0.616953 0.626219 0.635268 0.643744 0.643745 0.643745 0.643745 0.634595 0.710099 0.720103 0.730470 0.741073 0.731448 0.741916 0.741916 0.741916 0.741813 0.731642 0.688486 0.697853 0.697853 0.717107 0.727363 0.727398 0.727398 0.748131 0.756186 0.756210 0.756210 0.765967 0.765938 0.782528 0.793351 0.793351 0.813570 0.825256 0.825256 0.846203 0.858298 0.846203 0.869567 0.881180 0.898620 0.907260 0.915389 0.979248 1.000000 1.000000 1.000000 1.000000 -9999.000000 -9999.000000
0.564668 0.556385 0.548373 0.540427 0.607907 0.616953 0.616986 0.626219 0.617839 0.626504 0.635228 0.626504 0.617629 0.710099 0.720103 0.710711 0.720993 0.711769 0.721920 0.731850 0.721920 0.711882 0.731642 0.688486 0.688486 0.688104 0.706840 0.716761 0.716665 0.737211 0.745218 0.745218 0.745259 0.745216 0.754712 0.754593 0.781751 0.781751 0.782122 0.813570 0.813320 0.813320 0.833988 0.846203 0.834432 0.857482 0.879904 0.889272 0.901335 0.912932 0.923590 0.955501 1.000000 1.000000 1.000000 1.000000 -9999.000000
0.556587 0.548453 0.548373 0.540341 0.607915 0.607781 0.616986 0.616986 0.617317 0.626504 0.626504 0.626504 0.617629 0.672230 0.681673 0.691578 0.701604 0.711726 0.721920 0.721920 0.711882 0.701796 0.721288 0.678874 0.678921 0.678921 0.678288 0.706304 0.726347 0.723550 0.734393 0.734393 0.734341 0.734191 0.743454 0.743454 0.770221 0.770620 0.801660 0.801660 0.801383 0.801383 0.833665 0.833665 0.822112 0.867064 0.879904 0.879904 0.892202 0.911610 0.923590 0.934373 0.953302 1.000000 1.000000 1.000000 1.000000
0.556587 0.548494 0.540422 0.540341 0.598996 0.607832 0.607761 0.608133 0.608133 0.617317 0.617317 0.617523 0.663114 0.672230 0.681645 0.691578 0.701604 0.711726 0.711726 0.712081 0.702244 0.692479 0.682705 0.659826 0.669375 0.659826 0.668989 0.696020 0.712901 0.723550 0.723550 0.723625 0.723593 0.723404 0.723404 0.759016 0.759346 0.759346 0.789844 0.789844 0.789844 0.821454 0.821454 0.821454 0.854246 0.867064 0.867064 0.867374 0.879694 0.899111 0.922504 0.934373 0.945282 0.956787 1.000000 1.000000 1.000000
0.549238 0.541292 0.533270 0.532490 0.590441 0.598939 0.599056 0.599056 0.608126 0.608323 0.608323 0.608847 0.663114 0.663114 0.681645 0.691467 0.701468 0.701513 0.702244 0.702244 0.702244 0.692193 0.682705 0.659826 0.659826 0.659826 0.650142 0.693154 0.703166 0.713226 0.713070 0.713070 0.713118 0.712925 0.712925 0.748297 0.748297 0.778204 0.778292 0.778666 0.778666 0.778666 0.809622 0.809622 0.854386 0.854230 0.854588 0.854588 0.883551 0.896766 0.909906 0.932898 0.945282 0.953751 0.963445 1.000000 1.000000
0.533900 0.526084 0.518288 0.510676 0.524864 0.581849 0.590209 0.599205 0.590649 0.599440 0.600112 0.653829 0.653829 0.663623 0.672559 0.681823 0.691512 0.692158 0.692214 0.692214 0.692193 0.692193 0.673008 0.650312 0.650112 0.650142 0.650142 0.693154 0.703166 0.703166 0.683988 0.693618 0.703239 0.693618 0.683994 0.737526 0.737526 0.756229 0.767274 0.767447 0.767447 0.767449 0.767449 0.842171 0.842052 0.842224 0.842224 0.870570 0.883551 0.896766 0.896766 0.919987 0.944022 0.953751 0.962296 0.971353 1.000000
0.526298 0.526084 0.518288 0.510728 0.503242 0.565423 0.573695 0.582025 0.590649 0.590649 0.644339 0.644909 0.654354 0.663623 0.663623 0.681823 0.682368 0.682330 0.682285 0.682285 0.682285 0.682239 0.682239 0.640765 0.640765 0.640406 0.640557 0.683050 0.692979 0.674196 0.683988 0.683988 0.693618 0.693618 0.683994 0.674634 0.665607 0.725277 0.735848 0.746281 0.756535 0.746281 0.830086 0.829992 0.830258 0.835655 0.847571 0.859205 0.871192 0.883628 0.906684 0.930751 0.930751 0.948379 0.961278 0.970918 0.980418
0.526298 0.518603 0.511044 0.503597 0.496166 0.565423 0.573695 0.617070 0.626015 0.635012 0.635590 0.644909 0.645389 0.654709 0.654709 0.663378 0.672803 0.672574 0.672574 0.672520 0.672571 0.672571 0.672477 0.672391 0.631316 0.631260 0.673016 0.654881 0.664544 0.674101 0.674292 0.674292 0.683839 0.683839 0.683863 0.665607 0.665607 0.725277 0.735652 0.746281 0.746281 0.746281 0.800578 0.812146 0.823804 0.835655 0.847571 0.859552 0.871192 0.893514 0.917113 0.917229 0.935030 0.935030 0.948379 0.961278 0.980253
0.512187 0.518603 0.511016 0.503484 0.496166 0.591534 0.600194 0.609030 0.617883 0.626590 0.635590 0.635977 0.636143 0.645389 0.645674 0.663378 0.663378 0.663378 0.663113 0.663004 0.663004 0.663004 0.663071 0.653410 0.662481 0.622143 0.645530 0.654881 0.655002 0.664609 0.664725 0.664725 0.674186 0.674274 0.674392 0.656430 0.656653 0.725242 0.735652 0.735652 0.735675 0.735776 0.800578 0.812082 0.823804 0.823714 0.835666 0.847558 0.859552 0.847558 0.903826 0.921275 0.921420 0.921420 0.934931 0.951125 0.970230
0.512156 0.504723 0.511016 0.503484 0.496061 0.591587 0.600241 0.609063 0.617883 0.626590 0.626902 0.626853 0.627117 0.636143 0.636143 0.653923 0.654092 0.654092 0.653934 0.653934 0.653632 0.653632 0.653410 0.653410 0.626712 0.618201 0.609546 0.645546 0.655002 0.655196 0.655257 0.655257 0.664629 0.664629 0.664850 0.647147 0.647370 0.715046 0.725242 0.725066 0.725050 0.725293 0.788931 0.800447 0.812096 0.823714 0.835666 0.847558 0.847558 0.835650 0.891235 0.953962 0.967911 0.958529 0.969031 0.979553 0.989966
0.498130 0.504678 0.497304 0.503507 0.496387 0.591663 0.600277 0.609063 0.617883 0.609312 0.617999 0.609179 0.618229 0.627117 0.618229 0.609517 0.645089 0.636766 0.645433 0.645433 0.644746 0.644746 0.644336 0.635332 0.626712 0.618201 0.609601 0.645684 0.645647 0.645700 0.645700 0.645683 0.654906 0.654942 0.655249 0.637925 0.704877 0.714934 0.714934 0.714697 0.766931 0.777899 0.788931 0.800630 0.812339 0.823951 0.835682 0.835682 0.835544 0.878583 0.946686 0.957327 0.967911 0.978664 0.978664 0.989406 1.000000
0.491237 0.484083 0.477033 0.490080 0.496387 0.591663 0.600277 0.609016 0.600601 0.609312 0.609312 0.609179 0.618229 0.618229 0.609517 0.609517 0.627839 0.627987 0.636766 0.627987 0.635627 0.635627 0.635520 0.635332 0.626712 0.618030 0.609354 0.600736 0.636387 0.636256 0.636256 0.636114 0.645149 0.645607 0.645607 0.628652 0.694807 0.704813 0.703162 0.703363 0.703363 0.703430 0.783694 0.792375 0.815164 0.823951 0.826630 0.826630 0.826520 0.956694 0.967513 0.967927 0.968085 0.978664 0.989239 1.000000 -9999.000000
0.491237 0.484146 0.477033 0.470165 0.463494 0.591629 0.600251 0.591981 0.600500 0.600526 0.600526 0.609084 0.600450 0.609322 0.609322 0.600827 0.619103 0.627987 0.627987 0.627987 0.626411 0.626411 0.626487 0.626622 0.618030 0.618030 0.609354 0.600736 0.627105 0.627105 0.627055 0.627055 0.636262 0.610747 0.619541 0.684800 0.662023 0.700684 0.711120 0.711120 0.711321 0.711321 0.711229 0.792375 0.801130 0.809538 0.817746 0.946325 0.946310 0.946310 0.967513 0.978612 0.978819 0.978819 0.997102 0.997102 -9999.000000
0.484215 0.477312 0.470392 0.463549 0.456793 0.591524 0.583427 0.591906 0.591893 0.591859 0.600227 0.591524 0.600450 0.600450 0.600450 0.610491 0.619103 0.619103 0.619261 0.619261 0.610580 0.601887 0.617693 0.617763 0.617763 0.609215 0.609234 0.595312 0.612425 0.612320 0.620886 0.620795 0.634058 0.643209 0.645651 0.661998 0.671936 0.671936 0.711120 0.719116 0.719081 0.719081 0.719109 0.719047 0.915985 0.915985 0.936317 0.936301 0.957114 0.957114 0.967710 0.978847 0.989587 0.989587 0.990054 1.599634 -9999.000000
0.446122 0.477312 0.470392 0.463417 0.456793 0.574966 0.583330 0.583440 0.583508 0.591790 0.546458 0.554140 0.591669 0.554517 0.562473 0.586714 0.586714 0.610744 0.610744 0.610580 0.610580 0.601975 0.593386 0.608931 0.608931 0.604030 0.604030 0.603983 0.621415 0.621353 0.630109 0.630109 0.643652 0.652954 0.655390 0.655243 0.671936 0.682003 0.682003 0.719206 0.726999 0.726999 0.727021 0.726886 0.726904 0.925998 0.936455 0.947081 0.947081 0.968009 0.967933 0.978847 0.989587 1.611076 1.000000 -9999.000000 -9999.000000
0.439689 0.439689 0.470296 0.463417 0.456592 0.566858 0.575036 0.575146 0.530983 0.538693 0.546341 0.554140 0.562248 0.562473 0.570608 0.586714 0.594827 0.602722 0.602722 0.602722 0.594617 0.586270 0.577863 0.589797 0.610903 0.613009 0.613002 0.613002 0.630757 0.630698 0.639719 0.639719 0.651224 0.660624 0.665376 0.665143 0.674377 0.682003 0.689558 0.727106 0.735073 0.735101 0.735101 0.735011 0.735011 0.742907 0.936455 0.947081 0.957619 0.968009 0.978589 0.989303 1.000000 -9999.000000 -9999.000000 -9999.000000 -9999.000000
0.433222 0.433222 0.433146 0.463306 0.558931 0.566858 0.566914 0.523306 0.530983 0.538693 0.546087 0.554055 0.562248 0.570608 0.578732 0.578685 0.586714 0.594827 0.586909 0.594617 0.594617 0.586270 0.577863 0.591825 0.598383 0.620020 0.622175 0.622175 0.640265 0.640265 0.649472 0.649514 0.661194 0.668368 0.675498 0.675165 0.675165 0.689646 0.697144 0.697144 0.735152 0.743304 0.743305 0.743305 0.743286 0.743247 0.751151 0.762324 0.778865 0.778865 0.978733 0.989303 1.000000 1.001126 1.000000 1.000000 0.983884
0.427034 0.426861 0.426842 0.415008 0.558931 0.558930 0.515848 0.523286 0.530866 0.538227 0.546087 0.554055 0.516250 0.523965 0.531372 0.578685 0.578685 0.586909 0.578891 0.586253 0.586253 0.593981 0.600590 0.600590 0.607265 0.607325 0.629196 0.631344 0.640518 0.649863 0.659288 0.659288 0.668746 0.675989 0.683197 0.682868 0.682713 0.697418 0.697418 0.704906 0.719860 0.743426 0.751629 0.751629 0.751604 0.751554 0.759481 0.770733 0.770733 0.787333 0.787333 0.803828 0.997139 0.997139 0.892446 0.895975 0.971221
0.420794 0.420923 0.420779 0.455032 0.454796 0.473867 0.473846 0.493666 0.493718 0.538180 0.508204 0.515806 0.523552 0.531372 0.538985 0.538985 0.538754 0.578820 0.578820 0.570795 0.576192 0.593990 0.602767 0.609561 0.616380 0.616380 0.616456 0.638358 0.640518 0.649863 0.659288 0.668746 0.675989 0.683197 0.690569 0.690429 0.690429 0.697841 0.705258 0.712752 0.727857 0.743426 0.751687 0.759928 0.759909 0.759909 0.767954 0.779303 0.779303 0.787610 0.795865 0.812403 0.812403 0.812403 0.894979 0.905438 0.913382
