ASCII/am4.txt
ncols         489
nrows         533
xllcorner     593175.11526712
yllcorner     2721796.0885475
cellsize      29.615804956512
NODATA_value  -9999
[rows 150 to 174 of 533, columns 228 to 284 of 489]
0.908063 0.873346 0.873346 0.870654 0.862114 0.841726 0.850603 0.859744 0.869021 0.859744 0.856366 0.856366 0.844076 0.877587 0.890274 0.903022 0.878549 0.890569 0.902808 0.915203 0.926959 0.927068 0.943739 0.941088 0.946156 0.954633 0.968851 0.955974 0.942833 0.962666 0.911470 0.911470 0.911470 0.898722 0.886086 0.874166 0.862667 0.851323 0.839563 0.828054 0.816396 0.804947 0.793301 0.781838 0.886807 0.835390 0.774858 0.774858 0.774858 0.774876 0.774812 0.762972 0.763015 0.763159 0.763280 0.763199 0.782999
0.911364 0.898757 0.886955 0.850151 0.836291 0.848075 0.859803 0.868920 0.878141 0.878141 0.868761 0.884865 0.881601 0.892954 0.903237 0.915928 0.915928 0.930628 0.938923 0.930532 0.938996 0.938996 0.954757 0.952074 0.957202 0.965778 0.977532 0.968377 1.547054 0.962666 0.923633 0.923633 0.911470 0.898763 0.890789 0.890789 0.890789 0.890705 0.878166 0.878748 0.900217 0.887552 0.874786 0.899741 0.847613 0.798129 0.786386 0.786386 0.786436 0.786436 0.785092 0.774461 0.774450 0.774450 0.774519 0.774519 0.794721
0.911364 0.898757 0.907775 0.907332 0.856353 0.868481 0.859752 0.868920 0.878141 0.887321 0.878141 0.894686 0.894686 0.906232 0.916514 0.928646 0.928930 0.940508 0.951721 0.942737 0.930532 0.951200 0.965903 0.963190 0.968377 0.977053 0.986290 0.979682 1.277792 0.988460 1.476348 0.923633 0.911470 0.927788 0.904604 0.903425 0.903425 0.890705 0.891416 0.913250 0.913250 0.912829 0.912891 0.860078 0.809955 0.809681 0.798102 0.798102 0.798072 0.786631 0.796821 0.786059 0.785987 0.785987 0.785927 0.806454 0.806277
0.933914 0.920573 0.933316 0.920336 0.920336 0.868481 0.877692 0.889931 0.899452 0.899452 0.899392 0.894686 0.904451 0.916025 0.929427 0.941545 0.941314 0.948934 0.960248 0.954867 0.961072 0.963309 0.975260 0.975260 0.979682 0.988460 0.995127 0.988460 1.146355 1.567766 1.758224 0.935852 0.941913 0.940928 0.917404 0.916187 0.903305 0.903305 0.904224 0.926608 0.926318 0.926318 0.912780 0.872574 0.821836 0.821670 0.810045 0.810045 0.798285 0.808337 0.808337 0.797368 0.797368 0.797423 0.797423 0.818298 0.818212
0.933629 0.946668 0.933282 0.933107 0.933569 0.865915 0.877692 0.886980 0.899452 0.911959 0.911959 0.912690 0.913894 0.924232 0.940277 0.952537 0.952304 0.957436 0.968851 0.966015 0.972292 0.975606 0.965903 0.987710 0.991120 1.000000 0.997560 1.000000 -9999.000000 -9999.000000 1.901310 0.957202 0.954633 0.953825 0.930060 0.928966 0.916187 0.929935 0.917188 0.940015 0.940015 0.926318 0.885173 0.872574 0.833221 0.833221 0.821670 0.810045 0.798285 0.820189 0.819930 0.808687 0.808886 0.808886 0.830052 0.829965 0.810301
0.960296 0.946454 0.946698 0.946698 0.946763 0.946763 0.877692 0.886198 0.898990 0.911959 0.924661 0.924661 0.925528 0.932513 0.951255 0.963658 0.963422 0.966015 0.977532 0.977293 0.983643 0.988060 0.994931 0.997384 1.000000 -9999.000000 1.000000 -9999.000000 -9999.000000 -9999.000000 1.959950 0.965778 0.965778 0.964961 0.940918 0.940918 0.941136 0.942818 0.929935 0.953148 0.898356 0.898356 0.885173 0.872290 0.844339 0.844124 0.844124 0.843936 0.832187 0.832048 0.820413 0.820413 0.820493 0.842010 0.842010 0.822106 0.810032
0.960296 0.973125 0.960090 0.960090 0.960090 0.946763 0.865784 0.886198 0.898990 0.898990 0.911959 0.937436 0.937436 0.940868 0.959778 0.974908 0.974670 0.974670 0.986290 0.988702 0.995127 0.997560 1.536451 1.546133 -9999.000000 -9999.000000 -9999.000000 -9999.000000 -9999.000000 1.000000 1.968469 0.977053 0.977053 0.976226 0.951903 0.951903 0.952123 0.954633 0.965778 0.965778 0.911048 0.898356 0.885186 0.884732 0.856231 0.856144 0.856039 0.844308 0.844337 0.844337 0.832594 0.832594 0.854099 0.854135 0.846066 0.834233 0.822080
0.986961 0.973125 0.986347 0.972887 0.960090 0.946694 0.933810 0.922030 0.934554 0.898903 0.911916 0.924661 0.949683 0.951852 0.968377 0.986290 0.986049 0.986049 0.995127 0.997560 0.997560 1.000000 1.810314 -9999.000000 -9999.000000 -9999.000000 -9999.000000 -9999.000000 -9999.000000 -9999.000000 1.489955 0.988460 0.988460 0.987624 0.963016 0.963016 0.963239 0.965778 0.977053 0.977053 0.923718 0.911048 0.897759 0.868551 0.868517 0.868517 0.868508 0.856604 0.856604 0.844770 0.844770 0.866747 0.866747 0.870673 0.858172 0.846326 0.834209
1.000000 1.000000 0.986347 0.972887 0.960090 0.946694 0.922005 0.934844 0.948100 0.948100 0.947789 0.960987 0.962015 0.962965 0.977053 0.995127 0.997560 1.496340 1.496340 1.500000 1.500000 -9999.000000 -9999.000000 -9999.000000 -9999.000000 -9999.000000 -9999.000000 -9999.000000 -9999.000000 -9999.000000 1.253675 1.000000 1.000000 1.000000 0.963016 0.975310 0.975310 0.977053 0.988460 0.988460 0.936400 0.923718 0.910316 0.868605 0.880870 0.880870 0.880946 0.868909 0.856869 0.856869 0.844979 0.879326 0.883460 0.870673 0.870598 0.858212 0.846326
-9999.000000 -9999.000000 1.000000 1.000000 0.985926 0.946733 0.922005 0.934844 0.948100 0.961561 0.960987 0.974070 0.974070 0.974207 0.988460 0.997560 1.000000 1.750000 1.750000 -9999.000000 -9999.000000 -9999.000000 -9999.000000 -9999.000000 -9999.000000 -9999.000000 -9999.000000 -9999.000000 -9999.000000 -9999.000000 -9999.000000 -9999.000000 -9999.000000 -9999.000000 -9999.000000 0.975310 0.987624 0.988460 1.000000 1.000000 0.949162 0.936400 0.922843 0.868605 0.880870 0.892986 0.892986 0.880946 0.868909 0.856869 0.891869 0.896304 0.883441 0.883441 0.870764 0.858377 0.846026
-9999.000000 -9999.000000 -9999.000000 1.000000 1.000000 1.000000 0.985891 0.986132 0.986132 0.986513 0.974606 0.974070 0.986847 0.986847 1.000000 1.500000 -9999.000000 -9999.000000 -9999.000000 -9999.000000 -9999.000000 -9999.000000 -9999.000000 -9999.000000 -9999.000000 -9999.000000 -9999.000000 -9999.000000 -9999.000000 -9999.000000 -9999.000000 -9999.000000 -9999.000000 -9999.000000 -9999.000000 -9999.000000 1.000000 1.000000 -9999.000000 -9999.000000 0.961992 0.949162 0.935504 0.946640 0.959430 0.959430 0.904967 0.904967 0.916782 0.904449 0.904449 0.909115 0.896304 0.883441 0.870764 0.858377 0.846026
-9999.000000 -9999.000000 -9999.000000 -9999.000000 -9999.000000 -9999.000000 1.000000 1.000000 1.000000 1.000000 0.986911 0.986911 0.974070 1.000000 -9999.000000 -9999.000000 -9999.000000 -9999.000000 -9999.000000 -9999.000000 -9999.000000 -9999.000000 -9999.000000 -9999.000000 -9999.000000 -9999.000000 -9999.000000 -9999.000000 -9999.000000 -9999.000000 -9999.000000 -9999.000000 -9999.000000 -9999.000000 -9999.000000 -9999.000000 -9999.000000 -9999.000000 -9999.000000 1.000000 0.974907 0.961992 0.948405 0.960168 0.962868 0.972909 0.917751 0.917763 0.929879 0.917391 0.921551 0.921551 0.912961 0.904593 0.904593 0.891646 0.879047
-9999.000000 -9999.000000 -9999.000000 -9999.000000 -9999.000000 -9999.000000 -9999.000000 -9999.000000 -9999.000000 -9999.000000 1.000000 0.986911 -9999.000000 -9999.000000 -9999.000000 -9999.000000 -9999.000000 -9999.000000 -9999.000000 -9999.000000 -9999.000000 -9999.000000 -9999.000000 -9999.000000 -9999.000000 -9999.000000 -9999.000000 -9999.000000 -9999.000000 -9999.000000 -9999.000000 -9999.000000 -9999.000000 -9999.000000 -9999.000000 -9999.000000 -9999.000000 -9999.000000 -9999.000000 0.987430 0.974907 0.975348 0.973899 0.973899 0.976559 0.986577 0.930555 0.930555 0.942806 0.930300 0.934671 0.926032 0.917806 0.917806 0.904685 0.904719 0.891845
-9999.000000 -9999.000000 -9999.000000 -9999.000000 -9999.000000 -9999.000000 -9999.000000 -9999.000000 -9999.000000 -9999.000000 -9999.000000 -9999.000000 -9999.000000 -9999.000000 -9999.000000 -9999.000000 -9999.000000 -9999.000000 -9999.000000 -9999.000000 -9999.000000 -9999.000000 -9999.000000 -9999.000000 -9999.000000 -9999.000000 -9999.000000 -9999.000000 -9999.000000 -9999.000000 -9999.000000 -9999.000000 -9999.000000 -9999.000000 -9999.000000 -9999.000000 -9999.000000 -9999.000000 -9999.000000 1.000000 1.000000 0.988460 0.987297 0.973899 0.989997 1.000000 1.000000 0.942806 0.955080 0.942806 0.947605 0.939109 0.930951 0.917806 0.917938 0.904939 0.873884
1.000000 -9999.000000 -9999.000000 -9999.000000 -9999.000000 -9999.000000 -9999.000000 -9999.000000 -9999.000000 -9999.000000 -9999.000000 -9999.000000 -9999.000000 -9999.000000 -9999.000000 -9999.000000 -9999.000000 -9999.000000 -9999.000000 -9999.000000 -9999.000000 -9999.000000 -9999.000000 -9999.000000 -9999.000000 -9999.000000 -9999.000000 -9999.000000 -9999.000000 -9999.000000 -9999.000000 -9999.000000 -9999.000000 -9999.000000 -9999.000000 -9999.000000 -9999.000000 -9999.000000 -9999.000000 -9999.000000 -9999.000000 1.000000 1.000000 1.000000 1.000000 -9999.000000 -9999.000000 1.000000 0.955080 0.967368 0.959778 0.951255 0.943627 0.930951 0.917938 0.941068 0.886619
0.916123 0.918364 0.926592 0.928858 0.931129 0.939472 0.947889 0.956382 0.964950 0.973596 1.000000 1.000000 1.000000 -9999.000000 -9999.000000 1.000000 1.000000 -9999.000000 -9999.000000 -9999.000000 -9999.000000 -9999.000000 -9999.000000 -9999.000000 -9999.000000 -9999.000000 -9999.000000 -9999.000000 -9999.000000 -9999.000000 -9999.000000 -9999.000000 -9999.000000 -9999.000000 -9999.000000 -9999.000000 -9999.000000 -9999.000000 -9999.000000 -9999.000000 -9999.000000 -9999.000000 -9999.000000 -9999.000000 -9999.000000 -9999.000000 -9999.000000 0.997560 -9999.000000 0.979682 0.970983 0.962361 0.956076 0.943627 0.954330 0.911810 0.899425
0.898493 0.906543 0.914666 0.922861 0.931129 0.939472 0.947889 0.956382 0.964950 0.973596 0.982319 1.000000 1.000000 -9999.000000 1.000000 1.000000 1.000000 1.000000 -9999.000000 -9999.000000 -9999.000000 -9999.000000 -9999.000000 -9999.000000 -9999.000000 -9999.000000 -9999.000000 -9999.000000 -9999.000000 -9999.000000 -9999.000000 -9999.000000 -9999.000000 -9999.000000 -9999.000000 -9999.000000 -9999.000000 -9999.000000 -9999.000000 -9999.000000 -9999.000000 -9999.000000 -9999.000000 -9999.000000 -9999.000000 -9999.000000 1.000000 1.000000 -9999.000000 0.991120 0.982319 0.973596 0.968377 0.967238 0.954330 0.924612 0.912205
0.898493 0.906543 0.914666 0.922861 0.931129 0.939472 0.947889 0.956382 0.964950 0.973596 0.982319 0.991120 -9999.000000 -9999.000000 1.000000 1.000000 1.000000 1.000000 -9999.000000 -9999.000000 -9999.000000 -9999.000000 -9999.000000 -9999.000000 -9999.000000 -9999.000000 -9999.000000 -9999.000000 -9999.000000 -9999.000000 -9999.000000 -9999.000000 -9999.000000 -9999.000000 -9999.000000 -9999.000000 -9999.000000 -9999.000000 -9999.000000 -9999.000000 -9999.000000 -9999.000000 -9999.000000 -9999.000000 -9999.000000 -9999.000000 1.000000 -9999.000000 -9999.000000 1.500000 0.991120 0.982319 0.979682 0.979682 0.979682 0.936960 0.924612
0.898493 0.906543 0.914666 0.922861 0.931129 0.939472 0.947889 0.956382 0.964950 0.973596 0.982319 0.991120 1.000000 -9999.000000 1.000000 1.000000 1.000000 1.000000 -9999.000000 -9999.000000 -9999.000000 -9999.000000 -9999.000000 -9999.000000 -9999.000000 -9999.000000 -9999.000000 -9999.000000 -9999.000000 -9999.000000 -9999.000000 -9999.000000 -9999.000000 -9999.000000 -9999.000000 -9999.000000 -9999.000000 -9999.000000 -9999.000000 -9999.000000 -9999.000000 -9999.000000 -9999.000000 -9999.000000 -9999.000000 -9999.000000 -9999.000000 -9999.000000 -9999.000000 -9999.000000 1.000000 0.991120 0.991120 0.991120 0.991120 0.948702 0.946156
0.906543 0.914666 0.922861 0.931129 0.939472 0.947889 0.956382 0.964950 0.973596 0.982319 0.991120 1.000000 -9999.000000 -9999.000000 1.000000 1.000000 1.000000 1.000000 -9999.000000 -9999.000000 -9999.000000 -9999.000000 -9999.000000 -9999.000000 -9999.000000 -9999.000000 -9999.000000 -9999.000000 -9999.000000 -9999.000000 -9999.000000 -9999.000000 -9999.000000 -9999.000000 -9999.000000 -9999.000000 -9999.000000 -9999.000000 -9999.000000 -9999.000000 -9999.000000 -9999.000000 -9999.000000 -9999.000000 -9999.000000 -9999.000000 -9999.000000 -9999.000000 -9999.000000 -9999.000000 -9999.000000 1.000000 1.000000 1.000000 1.000000 0.957202 0.957202
0.906543 0.914666 0.922861 0.931129 0.939472 0.947889 0.956382 0.964950 0.973596 0.982319 0.991120 1.000000 -9999.000000 -9999.000000 1.000000 1.000000 1.000000 1.000000 1.000000 1.000000 1.000000 -9999.000000 -9999.000000 -9999.000000 -9999.000000 -9999.000000 -9999.000000 -9999.000000 -9999.000000 -9999.000000 -9999.000000 -9999.000000 -9999.000000 -9999.000000 -9999.000000 -9999.000000 -9999.000000 -9999.000000 -9999.000000 -9999.000000 -9999.000000 -9999.000000 -9999.000000 -9999.000000 -9999.000000 -9999.000000 -9999.000000 -9999.000000 -9999.000000 -9999.000000 -9999.000000 -9999.000000 -9999.000000 -9999.000000 -9999.000000 0.965778 0.968377
0.904332 0.912434 0.920609 0.928858 0.937180 0.945577 0.954048 0.962596 0.971221 0.979922 0.988702 0.997560 1.000000 -9999.000000 1.000000 1.000000 1.000000 1.000000 1.000000 1.000000 1.000000 1.000000 -9999.000000 -9999.000000 -9999.000000 -9999.000000 -9999.000000 -9999.000000 -9999.000000 -9999.000000 -9999.000000 -9999.000000 -9999.000000 -9999.000000 -9999.000000 -9999.000000 -9999.000000 -9999.000000 -9999.000000 -9999.000000 -9999.000000 -9999.000000 -9999.000000 -9999.000000 -9999.000000 -9999.000000 -9999.000000 -9999.000000 -9999.000000 -9999.000000 -9999.000000 -9999.000000 -9999.000000 -9999.000000 1.000000 0.977053 0.979682
0.905590 0.914666 0.922861 0.931129 0.939472 0.947889 0.956382 0.964950 0.973596 0.982319 0.991120 1.000000 -9999.000000 1.000000 1.000000 1.000000 1.000000 1.000000 1.000000 1.000000 1.000000 1.000000 -9999.000000 -9999.000000 -9999.000000 -9999.000000 -9999.000000 -9999.000000 -9999.000000 -9999.000000 -9999.000000 -9999.000000 -9999.000000 -9999.000000 -9999.000000 -9999.000000 -9999.000000 -9999.000000 -9999.000000 -9999.000000 -9999.000000 -9999.000000 -9999.000000 -9999.000000 -9999.000000 -9999.000000 -9999.000000 -9999.000000 -9999.000000 -9999.000000 -9999.000000 -9999.000000 -9999.000000 -9999.000000 -9999.000000 0.988460 0.991120
0.896215 0.784797 0.792343 0.799442 0.806604 0.813831 0.821123 0.828480 0.835902 0.843392 0.850948 0.853029 0.860672 0.868383 0.876163 0.884013 0.891934 0.899925 1.000000 1.000000 1.000000 1.000000 -9999.000000 -9999.000000 -9999.000000 -9999.000000 -9999.000000 -9999.000000 -9999.000000 -9999.000000 -9999.000000 -9999.000000 -9999.000000 -9999.000000 -9999.000000 -9999.000000 -9999.000000 -9999.000000 -9999.000000 -9999.000000 -9999.000000 -9999.000000 -9999.000000 -9999.000000 -9999.000000 -9999.000000 -9999.000000 -9999.000000 -9999.000000 -9999.000000 -9999.000000 -9999.000000 -9999.000000 -9999.000000 -9999.000000 1.000000 1.000000
0.768212 0.776599 0.787227 0.794280 0.801397 0.808577 0.815821 0.823131 0.830506 0.837947 0.845454 0.853029 0.860672 0.868383 0.876163 0.884013 0.891934 0.899925 1.702672 1.000000 1.000000 -9999.000000 -9999.000000 -9999.000000 -9999.000000 -9999.000000 -9999.000000 -9999.000000 -9999.000000 -9999.000000 -9999.000000 -9999.000000 -9999.000000 -9999.000000 -9999.000000 -9999.000000 -9999.000000 -9999.000000 -9999.000000 -9999.000000 -9999.000000 -9999.000000 -9999.000000 -9999.000000 -9999.000000 -9999.000000 -9999.000000 -9999.000000 -9999.000000 -9999.000000 -9999.000000 -9999.000000 -9999.000000 -9999.000000 -9999.000000 -9999.000000 -9999.000000
