ASCII/am4.txt
ncols         489
nrows         533
xllcorner     593175.11526712
yllcorner     2721796.0885475
cellsize      29.615804956512
NODATA_value  -9999
[rows 200 to 224 of 533, columns 114 to 170 of 489]
1.000000 0.176076 0.176076 0.181135 0.183707 0.183707 0.183771 0.183771 0.209274 0.209269 0.212339 0.215424 0.218555 0.221853 0.225194 0.228592 0.231995 0.235391 0.238808 0.242257 0.245763 0.246679 0.250375 0.254124 0.257908 0.261730 0.265604 0.269420 0.273487 0.277600 0.281736 0.285913 0.290134 0.294340 0.298481 0.302763 0.307135 0.307135 0.311506 0.311449 0.311392 0.311327 0.311413 0.311152 0.313031 0.313064 0.313064 0.321423 0.354796 0.359871 0.337366 0.337421 0.337421 0.354588 0.354660 0.354660 0.372838
0.173549 0.176054 0.178607 0.181135 0.183801 0.186400 0.186400 0.186365 0.186338 0.209370 0.212339 0.215424 0.218619 0.221881 0.225198 0.228586 0.231995 0.232779 0.236217 0.239679 0.243170 0.246678 0.250359 0.254079 0.257869 0.261703 0.265604 0.269559 0.273572 0.277695 0.281813 0.285913 0.290134 0.294207 0.298481 0.302763 0.307135 0.311634 0.316193 0.316193 0.316141 0.316051 0.316105 0.315817 0.317715 0.317715 0.326134 0.330598 0.335080 0.342250 0.342364 0.342448 0.342448 0.359845 0.359845 0.359900 0.370396
0.173552 0.176054 0.178607 0.181184 0.183801 0.186400 0.188905 0.188901 0.188901 0.209482 0.212364 0.215450 0.218619 0.221899 0.225224 0.228586 0.229388 0.232779 0.236123 0.239629 0.243170 0.246790 0.250359 0.254072 0.257857 0.261695 0.265594 0.269559 0.273572 0.277631 0.281784 0.285950 0.289932 0.294207 0.302601 0.307053 0.311634 0.311634 0.316244 0.320906 0.320906 0.320811 0.320811 0.320511 0.322471 0.331040 0.331040 0.335499 0.340101 0.340090 0.347500 0.347607 0.347607 0.365204 0.365218 0.365218 0.375843
0.173552 0.176060 0.178654 0.181215 0.183801 0.186400 0.186400 0.191454 0.191485 0.191485 0.212364 0.212990 0.216103 0.219304 0.222594 0.225898 0.229266 0.232602 0.236062 0.239584 0.243153 0.246790 0.250421 0.254072 0.269319 0.273370 0.265637 0.269559 0.273537 0.277631 0.281784 0.281784 0.289928 0.298072 0.302526 0.307053 0.311634 0.316247 0.320913 0.320913 0.325629 0.325572 0.325572 0.325203 0.327245 0.336033 0.340583 0.340583 0.345244 0.345317 0.345317 0.352786 0.352786 0.370616 0.370616 0.381566 0.381576
0.176377 0.176096 0.178670 0.181215 0.183797 0.194081 0.194107 0.194107 0.194149 0.194160 0.194160 0.213024 0.216103 0.232167 0.235666 0.225898 0.229266 0.232673 0.236128 0.239653 0.243216 0.246845 0.250421 0.269082 0.269241 0.273346 0.277463 0.277463 0.273576 0.277632 0.277624 0.289431 0.293747 0.297997 0.302459 0.307016 0.311624 0.316247 0.320913 0.325629 0.330289 0.330289 0.329982 0.329837 0.332028 0.341030 0.345746 0.345650 0.350522 0.350524 0.350580 0.358019 0.358019 0.376142 0.376142 0.384473 0.384473
0.178928 0.178928 0.183349 0.185970 0.191357 0.194081 0.196881 0.196881 0.196896 0.196896 0.219377 0.222500 0.228703 0.232144 0.235666 0.239203 0.242768 0.246383 0.246383 0.253705 0.257455 0.261270 0.265094 0.269097 0.273214 0.273346 0.277414 0.281509 0.281509 0.289600 0.293663 0.289431 0.304445 0.308959 0.306700 0.311295 0.315982 0.320708 0.325485 0.330253 0.334866 0.334866 0.334727 0.334632 0.336843 0.345994 0.350907 0.350907 0.355887 0.355881 0.355894 0.363357 0.363367 0.363349 0.381724 0.384547 0.387367
0.180899 0.178928 0.185934 0.185934 0.188662 0.194096 0.196881 0.199662 0.199683 0.199683 0.222500 0.225656 0.228703 0.232076 0.235605 0.239153 0.242734 0.246383 0.250090 0.253749 0.257422 0.261316 0.261316 0.269097 0.273214 0.277358 0.281472 0.281472 0.285547 0.293746 0.293657 0.298046 0.302636 0.308971 0.313555 0.318209 0.315914 0.320655 0.325447 0.330214 0.334866 0.339490 0.339418 0.339418 0.341668 0.341611 0.351037 0.356093 0.361166 0.361143 0.361143 0.368706 0.368706 0.368678 0.381734 0.384580 0.387421
0.178928 0.183349 0.185934 0.188662 0.191333 0.193972 0.196714 0.199633 0.202571 0.202571 0.202571 0.202488 0.228781 0.232037 0.235555 0.239106 0.242734 0.246429 0.250107 0.253745 0.257500 0.261316 0.265260 0.269204 0.273248 0.277358 0.281472 0.285547 0.289565 0.293755 0.298086 0.298046 0.302550 0.307215 0.313579 0.318220 0.322973 0.320609 0.325405 0.330156 0.334787 0.339490 0.344229 0.344194 0.346568 0.346568 0.351398 0.356093 0.361172 0.366348 0.366348 0.368893 0.374063 0.374063 0.381734 0.384580 0.387421
0.184017 0.185997 0.185990 0.188662 0.194099 0.196775 0.199648 0.199633 0.202571 0.205477 0.205416 0.205416 0.228844 0.232180 0.235682 0.239159 0.242805 0.246475 0.250107 0.253745 0.257500 0.261394 0.265321 0.269204 0.273214 0.277293 0.281414 0.285473 0.289524 0.293781 0.298115 0.302541 0.307138 0.307138 0.311768 0.318220 0.322973 0.327780 0.330156 0.332521 0.334787 0.341791 0.344229 0.349120 0.349120 0.351573 0.356420 0.361198 0.366348 0.366348 0.371564 0.374162 0.374162 0.379399 0.381988 0.384732 0.387509
0.183438 0.186025 0.188675 0.188675 0.194056 0.196896 0.199687 0.202623 0.205529 0.205529 0.208458 0.208458 0.208470 0.232216 0.235682 0.239233 0.242859 0.246475 0.250107 0.253745 0.257488 0.261393 0.265321 0.269273 0.273269 0.277308 0.281403 0.285474 0.289658 0.293781 0.298115 0.302541 0.307138 0.311768 0.316258 0.320722 0.325417 0.327780 0.330156 0.330156 0.341786 0.344204 0.346631 0.349120 0.351573 0.356420 0.361290 0.363826 0.366405 0.368967 0.371541 0.374162 0.376740 0.379399 0.381988 0.384732 0.387509
0.183438 0.186025 0.188675 0.191293 0.194056 0.196916 0.199820 0.202623 0.205546 0.208514 0.208514 0.211528 0.211528 0.208729 0.235747 0.239285 0.242904 0.246490 0.250040 0.253578 0.257407 0.261296 0.265230 0.269220 0.273269 0.277346 0.281390 0.285474 0.289658 0.293896 0.298195 0.302599 0.307191 0.311818 0.316258 0.320722 0.325417 0.327780 0.327816 0.339373 0.341786 0.344236 0.346670 0.349120 0.351573 0.358774 0.361290 0.363826 0.366405 0.368967 0.371541 0.374162 0.374162 0.379399 0.379399 0.384697 0.387432
-9999.000000 0.186078 0.188708 0.191293 0.194026 0.196916 0.199820 0.202668 0.205546 0.208514 0.211528 0.214518 0.211655 0.208813 0.235747 0.235762 0.239325 0.242904 0.249888 0.253637 0.257453 0.261296 0.265230 0.269195 0.273288 0.277381 0.281414 0.285487 0.289653 0.293880 0.298200 0.302599 0.307191 0.311818 0.311818 0.316258 0.325404 0.325434 0.336848 0.339322 0.341786 0.344236 0.346671 0.349129 0.356269 0.358774 0.361290 0.363826 0.366405 0.368967 0.368967 0.371541 0.371538 0.376740 0.376753 0.384696 0.384696
-9999.000000 0.186100 0.188708 0.191385 0.194130 0.197028 0.199922 0.202697 0.205546 0.211446 0.214518 0.217456 0.214518 0.211655 0.235763 0.235762 0.239325 0.239325 0.249850 0.253626 0.257453 0.261335 0.265204 0.269208 0.273288 0.277277 0.281398 0.285487 0.289653 0.293880 0.298312 0.302738 0.307194 0.307266 0.307266 0.320726 0.323087 0.331961 0.336848 0.339322 0.341786 0.344236 0.344236 0.346671 0.353739 0.356211 0.361186 0.363743 0.366296 0.366296 0.366296 0.368852 0.368865 0.374110 0.382050 0.382069 0.387414
-9999.000000 1.000000 0.188790 0.191385 0.194153 0.197031 0.199914 0.202697 0.211233 0.214306 0.217456 0.220546 0.220546 0.220546 0.235763 0.239189 0.242686 0.246238 0.249850 0.253626 0.257445 0.261335 0.265257 0.269208 0.273149 0.277217 0.281398 0.285501 0.289625 0.285505 0.289756 0.294071 0.298427 0.302791 0.316080 0.322361 0.327165 0.331961 0.336839 0.339292 0.341726 0.341721 0.341721 0.344152 0.351202 0.353678 0.361118 0.363650 0.359169 0.363697 0.366234 0.366260 0.371487 0.379378 0.379411 0.384740 0.379533
-9999.000000 1.000000 -9999.000000 0.191456 0.194196 0.197041 0.199914 0.199914 0.211233 0.214306 0.217456 0.220546 0.223659 0.220546 0.229767 0.233130 0.242788 0.246301 0.249883 0.253610 0.257443 0.261342 0.265257 0.269110 0.273073 0.277217 0.281363 0.285465 0.281339 0.285505 0.289756 0.294071 0.298427 0.311482 0.317632 0.322361 0.327104 0.331924 0.334325 0.339225 0.339225 0.339226 0.339230 0.346204 0.346204 0.356077 0.356077 0.356581 0.359169 0.361699 0.364116 0.366644 0.369211 0.371756 0.374292 0.376894 0.379532
-9999.000000 -9999.000000 -9999.000000 0.194197 0.194243 0.197041 0.197104 0.208297 0.208297 0.214285 0.217344 0.220546 0.220546 0.226822 0.226822 0.233130 0.236544 0.239839 0.243396 0.253663 0.257471 0.261351 0.265252 0.269104 0.273060 0.277181 0.281336 0.277291 0.281323 0.285490 0.289738 0.294021 0.306916 0.306916 0.317598 0.322248 0.327007 0.329422 0.334256 0.334257 0.336761 0.334359 0.341210 0.341222 0.351057 0.351057 0.354050 0.354035 0.356613 0.359169 0.364116 0.366644 0.369094 0.371693 0.374292 0.376894 0.379532
-9999.000000 -9999.000000 -9999.000000 -9999.000000 0.196919 0.199703 0.202527 0.205401 0.211292 0.211292 0.217319 0.217361 0.223415 0.226728 0.230136 0.230175 0.236559 0.240006 0.243396 0.247013 0.250668 0.254422 0.258220 0.269104 0.265558 0.269566 0.273618 0.277583 0.281546 0.285654 0.289728 0.302355 0.302355 0.302371 0.317543 0.319870 0.324615 0.329396 0.329410 0.331872 0.329531 0.336335 0.336384 0.341214 0.346086 0.346555 0.351514 0.354035 0.356613 0.356613 0.364116 0.366520 0.369094 0.369094 0.374292 0.376920 0.379515
-9999.000000 -9999.000000 -9999.000000 -9999.000000 -9999.000000 0.199703 0.202527 0.202527 0.208317 0.213857 0.216939 0.220094 0.223371 0.226728 0.230052 0.233496 0.233544 0.240006 0.243519 0.247074 0.250694 0.254416 0.258220 0.261940 0.265558 0.269566 0.273526 0.277585 0.281591 0.285654 0.285654 0.285654 0.299612 0.304121 0.308668 0.313254 0.317901 0.322538 0.327130 0.326745 0.331488 0.331548 0.336384 0.341214 0.341652 0.346555 0.346555 0.354046 0.354045 0.361508 0.361508 0.366472 0.366472 0.371629 0.374269 0.376867 0.376867
-9999.000000 -9999.000000 -9999.000000 -9999.000000 -9999.000000 -9999.000000 -9999.000000 0.205375 0.210822 0.213862 0.216975 0.220125 0.223371 0.226656 0.230052 0.233453 0.236917 0.236917 0.243558 0.247073 0.250694 0.254434 0.258225 0.261940 0.265609 0.269449 0.269748 0.273806 0.277791 0.281724 0.281724 0.281584 0.299612 0.304121 0.299710 0.304264 0.308778 0.313275 0.317726 0.322266 0.326918 0.331548 0.336288 0.336763 0.341611 0.341596 0.351511 0.351507 0.358911 0.358905 0.363830 0.363830 0.368947 0.371582 0.374205 0.374205 0.374182
-9999.000000 -9999.000000 -9999.000000 -9999.000000 -9999.000000 -9999.000000 -9999.000000 -9999.000000 0.210822 0.213862 0.216910 0.220125 0.223289 0.226632 0.230052 0.233453 0.236917 0.240265 0.243611 0.247073 0.250694 0.254412 0.258225 0.261940 0.261885 0.265711 0.269700 0.273754 0.277791 0.277791 0.277703 0.277703 0.299567 0.295179 0.295925 0.300491 0.304975 0.309438 0.313878 0.322321 0.326918 0.326918 0.331868 0.336647 0.341499 0.346392 0.351351 0.356342 0.356318 0.361213 0.361213 0.361200 0.368862 0.368908 0.371616 0.371616 0.376490
-9999.000000 -9999.000000 -9999.000000 -9999.000000 -9999.000000 -9999.000000 -9999.000000 -9999.000000 0.210805 0.213748 0.216910 0.219874 0.223165 0.226527 0.229931 0.233410 0.236923 0.240305 0.243611 0.247104 0.250680 0.254412 0.258137 0.258137 0.261889 0.265746 0.269700 0.273754 0.273790 0.273790 0.273790 0.273660 0.287247 0.291454 0.295813 0.300382 0.304846 0.309348 0.313878 0.318344 0.322783 0.327271 0.331830 0.336647 0.341499 0.346392 0.351351 0.351351 0.348833 0.353747 0.358673 0.358673 0.366203 0.368908 0.368908 0.369011 0.371052
-9999.000000 -9999.000000 -9999.000000 -9999.000000 -9999.000000 -9999.000000 -9999.000000 -9999.000000 -9999.000000 0.213757 0.216837 0.219874 0.223179 0.226527 0.229931 0.233191 0.236734 0.240216 0.243680 0.247104 0.250709 0.250525 0.254261 0.258066 0.261888 0.265746 0.265894 0.269827 0.269827 0.269812 0.269828 0.283137 0.287343 0.291539 0.295930 0.300461 0.304846 0.309218 0.313815 0.318344 0.322783 0.322783 0.331830 0.331830 0.341410 0.346319 0.346358 0.343875 0.348833 0.353747 0.353747 0.353793 0.350378 0.355521 0.360688 0.365869 0.371129
-9999.000000 -9999.000000 -9999.000000 -9999.000000 -9999.000000 -9999.000000 -9999.000000 -9999.000000 -9999.000000 0.213757 0.216837 0.220000 0.223258 0.226549 0.229701 0.233191 0.236734 0.236734 0.240216 0.243614 0.246903 0.250525 0.254261 0.258066 0.258175 0.262011 0.265894 0.265957 0.265957 0.265967 0.279099 0.283137 0.287343 0.291666 0.295982 0.300434 0.304716 0.309218 0.313815 0.313815 0.318296 0.318296 0.327023 0.336452 0.341289 0.341383 0.338952 0.343875 0.344000 0.348850 0.336453 0.341047 0.350378 0.355560 0.360688 0.360800 0.366124
-9999.000000 -9999.000000 -9999.000000 -9999.000000 -9999.000000 -9999.000000 -9999.000000 -9999.000000 0.210684 0.213681 0.216765 0.219924 0.223156 0.226426 0.229720 0.233184 0.233245 0.236723 0.240131 0.243394 0.240290 0.250544 0.254242 0.254380 0.258175 0.258175 0.262076 0.262112 0.262112 0.275031 0.279017 0.283110 0.287346 0.291666 0.296075 0.300478 0.304765 0.309198 0.309217 0.313719 0.313719 0.313770 0.313770 0.331607 0.336401 0.334024 0.338909 0.339021 0.344000 0.344000 0.336255 0.341047 0.345802 0.350725 0.355634 0.360800 0.366124
-9999.000000 -9999.000000 -9999.000000 -9999.000000 -9999.000000 -9999.000000 -9999.000000 -9999.000000 0.210684 0.213681 0.216765 0.219924 0.223156 0.226426 0.229757 0.229765 0.233231 0.236643 0.233356 0.236816 0.240290 0.243750 0.247211 0.254380 0.254386 0.258232 0.258314 0.258314 0.271091 0.275031 0.279017 0.283110 0.287348 0.291666 0.296021 0.300478 0.300478 0.304644 0.309033 0.309033 0.309048 0.309146 0.309213 0.324517 0.329268 0.334008 0.317374 0.322030 0.326773 0.331531 0.336255 0.340986 0.345802 0.350725 0.350725 0.360809 0.366047
