ASCII/am4.txt
ncols         489
nrows         533
xllcorner     593175.11526712
yllcorner     2721796.0885475
cellsize      29.615804956512
NODATA_value  -9999
[rows 475 to 499 of 533, columns 342 to 398 of 489]
0.693756 0.683615 0.673533 0.663992 -9999.000000 -9999.000000 -9999.000000 -9999.000000 -9999.000000 -9999.000000 -9999.000000 -9999.000000 -9999.000000 -9999.000000 -9999.000000 -9999.000000 0.644248 0.662932 0.662932 0.672353 0.702603 0.712702 0.716753 0.720720 0.724569 0.733818 0.733818 0.733641 0.743651 0.748997 0.753491 0.753139 0.753139 0.753437 0.744448 0.735862 0.727472 0.721076 0.752011 0.742163 0.693564 0.834266 0.796224 0.796224 0.843328 0.827683 0.838673 0.843849 0.852260 0.843190 0.954556 0.851671 0.855846 0.867487 0.855038 0.854589 0.847611
0.693755 0.683772 0.673811 -9999.000000 -9999.000000 -9999.000000 -9999.000000 -9999.000000 -9999.000000 -9999.000000 -9999.000000 -9999.000000 -9999.000000 -9999.000000 -9999.000000 -9999.000000 0.653857 0.653857 0.672625 0.682032 0.691501 0.701199 0.711066 0.720717 0.724569 0.720717 0.723817 0.733641 0.733641 0.739134 0.743919 0.748319 0.748319 0.744448 0.745233 0.735862 0.727472 0.721068 0.751924 0.741779 0.693564 0.785974 0.785974 0.806632 0.816826 0.827683 0.827685 0.838673 0.834009 0.834009 0.838390 0.838390 0.833590 0.838110 0.850197 0.814137 0.812757
0.693956 0.684070 0.674741 -9999.000000 -9999.000000 -9999.000000 -9999.000000 -9999.000000 -9999.000000 -9999.000000 -9999.000000 -9999.000000 -9999.000000 -9999.000000 -9999.000000 -9999.000000 0.653857 0.663251 0.672625 0.682032 0.691501 0.701152 0.710908 0.720717 0.720717 0.720717 0.714286 0.723562 0.723562 0.728899 0.733831 0.738813 0.739683 0.735857 0.735857 0.737924 0.727365 0.718971 0.710674 0.702473 0.693446 0.785974 0.808913 0.807271 0.806632 0.805995 0.816822 0.806799 0.795349 0.828555 0.774445 0.770233 0.765966 0.814164 0.814164 0.864338 0.820374
0.693954 0.684416 -9999.000000 -9999.000000 -9999.000000 -9999.000000 -9999.000000 -9999.000000 -9999.000000 -9999.000000 -9999.000000 -9999.000000 -9999.000000 -9999.000000 -9999.000000 -9999.000000 0.654142 0.663251 0.672567 0.682032 0.691501 0.701152 0.710908 1.000000 0.710908 0.710713 0.704254 0.713255 0.713154 0.723295 0.723295 0.728612 0.730210 0.727365 0.727365 0.727365 0.732811 0.718971 0.710674 0.702473 0.693233 0.785599 0.796267 0.785599 0.796022 0.805995 0.805995 0.795349 0.853308 0.785010 0.775017 0.775017 0.769230 0.814164 0.820383 0.828613 0.820374
0.694143 -9999.000000 -9999.000000 -9999.000000 -9999.000000 -9999.000000 -9999.000000 -9999.000000 -9999.000000 -9999.000000 -9999.000000 -9999.000000 -9999.000000 -9999.000000 -9999.000000 -9999.000000 -9999.000000 0.663223 0.672567 0.672567 0.691461 0.691461 0.700960 1.000000 0.700742 0.700391 0.693883 0.702718 0.702715 0.707823 0.718157 0.718157 0.720158 0.717836 0.718971 0.718971 0.729738 0.718971 0.710674 0.701510 0.692086 0.774978 0.785599 0.785599 0.775127 0.795373 0.785456 0.785010 0.785010 0.787091 0.824035 0.775023 0.769230 0.832807 0.832807 0.832846 0.832746
-9999.000000 -9999.000000 -9999.000000 -9999.000000 -9999.000000 -9999.000000 -9999.000000 -9999.000000 -9999.000000 -9999.000000 -9999.000000 -9999.000000 -9999.000000 -9999.000000 -9999.000000 -9999.000000 -9999.000000 0.654430 0.663062 0.681711 0.681682 0.681682 0.690909 1.000000 0.690470 0.690077 0.690077 0.600946 0.609549 0.669638 0.679424 0.689202 0.708075 0.708075 0.709678 0.709934 0.731958 0.710674 0.710674 0.701219 0.692086 0.682605 0.774768 0.765030 0.765030 0.785456 0.785456 0.765009 0.775295 0.780796 0.770645 0.775017 0.832920 0.839317 0.839320 0.839226 0.839221
-9999.000000 -9999.000000 -9999.000000 -9999.000000 -9999.000000 -9999.000000 -9999.000000 -9999.000000 -9999.000000 -9999.000000 -9999.000000 -9999.000000 -9999.000000 -9999.000000 -9999.000000 -9999.000000 -9999.000000 -9999.000000 0.645818 0.672129 0.671882 0.671761 0.680812 1.000000 1.000000 0.680481 0.592649 0.604579 0.609549 0.618586 0.679459 0.689202 0.698388 0.698388 0.700014 0.692896 0.743776 0.702473 0.701219 0.691710 0.682605 0.682605 0.754640 0.765030 0.775249 0.765030 0.775175 0.775175 0.765522 0.770645 0.760526 0.826646 0.832927 0.839322 0.845667 0.892636 0.839221
-9999.000000 -9999.000000 -9999.000000 -9999.000000 -9999.000000 -9999.000000 -9999.000000 -9999.000000 -9999.000000 -9999.000000 -9999.000000 -9999.000000 -9999.000000 -9999.000000 -9999.000000 -9999.000000 -9999.000000 -9999.000000 0.636819 0.636819 0.662137 0.661940 0.670867 1.000000 1.000000 0.670853 0.596073 0.604579 0.613512 0.618588 0.627490 0.627331 0.623896 0.665911 0.683618 0.692896 0.775904 0.683917 0.691710 0.691710 0.682008 0.673231 0.754640 0.765030 0.765030 0.765030 0.765009 0.765009 0.755467 0.760526 0.760531 0.756483 0.839252 0.845667 0.851871 0.900715 0.858641
-9999.000000 -9999.000000 -9999.000000 -9999.000000 -9999.000000 -9999.000000 -9999.000000 -9999.000000 -9999.000000 -9999.000000 -9999.000000 -9999.000000 -9999.000000 -9999.000000 -9999.000000 -9999.000000 -9999.000000 -9999.000000 -9999.000000 0.627826 0.619137 -9999.000000 -9999.000000 -9999.000000 -9999.000000 0.587662 0.595871 0.604609 0.613512 1.000000 1.000000 0.632256 0.632256 0.674678 0.683618 0.683618 0.847781 0.674657 0.674733 0.665313 0.682008 0.663913 0.754291 0.754291 0.754352 0.754683 0.745256 0.755291 0.745256 0.735352 0.839360 0.853070 0.839317 0.845666 0.845663 0.860137 0.883374
-9999.000000 -9999.000000 -9999.000000 -9999.000000 -9999.000000 -9999.000000 -9999.000000 -9999.000000 -9999.000000 -9999.000000 -9999.000000 -9999.000000 -9999.000000 -9999.000000 -9999.000000 -9999.000000 -9999.000000 -9999.000000 -9999.000000 0.619137 -9999.000000 -9999.000000 -9999.000000 -9999.000000 -9999.000000 -9999.000000 -9999.000000 -9999.000000 1.000000 0.618298 0.623473 0.632256 0.640693 0.674678 0.674429 0.674657 0.997947 0.674657 0.665313 0.665313 0.655890 0.654545 0.743557 0.743563 0.744099 0.735018 0.745256 0.745256 0.745256 0.839321 0.845691 0.845691 0.859503 0.859506 0.859506 0.864307 0.870339
-9999.000000 -9999.000000 -9999.000000 -9999.000000 -9999.000000 -9999.000000 -9999.000000 -9999.000000 -9999.000000 -9999.000000 -9999.000000 -9999.000000 -9999.000000 -9999.000000 -9999.000000 -9999.000000 -9999.000000 -9999.000000 -9999.000000 -9999.000000 -9999.000000 -9999.000000 -9999.000000 -9999.000000 -9999.000000 -9999.000000 -9999.000000 -9999.000000 -9999.000000 0.618368 0.623469 0.623327 0.632256 0.649034 0.657296 1.515964 0.665740 0.657103 0.639723 0.639723 0.630683 0.621803 0.733135 0.733610 0.724635 0.817615 0.829196 0.848352 0.838910 0.839321 0.904339 0.915741 0.852021 0.865972 0.865972 0.870652 0.921719
-9999.000000 -9999.000000 -9999.000000 -9999.000000 -9999.000000 -9999.000000 -9999.000000 -9999.000000 -9999.000000 -9999.000000 -9999.000000 -9999.000000 -9999.000000 -9999.000000 -9999.000000 -9999.000000 -9999.000000 -9999.000000 -9999.000000 -9999.000000 -9999.000000 -9999.000000 -9999.000000 -9999.000000 -9999.000000 -9999.000000 -9999.000000 -9999.000000 -9999.000000 -9999.000000 0.635757 1.311939 1.389330 2.238837 2.189596 0.657296 0.657103 0.657232 0.648590 0.639774 0.630683 0.613938 0.612707 0.801699 0.858743 0.874686 0.880337 0.838132 0.838153 0.842850 0.852071 0.852071 0.857587 0.865972 0.870648 0.875057 0.973629
-9999.000000 -9999.000000 -9999.000000 -9999.000000 -9999.000000 -9999.000000 -9999.000000 -9999.000000 -9999.000000 -9999.000000 -9999.000000 -9999.000000 -9999.000000 -9999.000000 -9999.000000 -9999.000000 -9999.000000 -9999.000000 -9999.000000 -9999.000000 -9999.000000 -9999.000000 -9999.000000 -9999.000000 -9999.000000 -9999.000000 -9999.000000 -9999.000000 -9999.000000 -9999.000000 0.635757 0.651866 1.047312 0.653789 0.655576 0.649710 0.648844 0.648655 0.640223 0.631561 0.622708 0.631482 0.757867 0.766867 0.776800 0.791579 0.791621 0.838146 0.856538 0.856167 0.860898 0.871032 0.862068 0.866007 0.865972 0.870647 0.875057
-9999.000000 -9999.000000 -9999.000000 -9999.000000 -9999.000000 -9999.000000 -9999.000000 -9999.000000 -9999.000000 -9999.000000 -9999.000000 -9999.000000 -9999.000000 -9999.000000 -9999.000000 -9999.000000 -9999.000000 -9999.000000 -9999.000000 -9999.000000 -9999.000000 -9999.000000 -9999.000000 -9999.000000 -9999.000000 -9999.000000 -9999.000000 -9999.000000 -9999.000000 -9999.000000 -9999.000000 0.651866 0.651866 0.651943 0.653769 0.641669 0.641356 0.640289 0.635607 0.631024 0.626420 0.758268 0.809231 0.816580 0.781335 0.794433 0.809506 0.809436 0.856762 0.972493 0.906391 0.856727 0.850012 0.861347 0.854990 0.866074 0.854972
-9999.000000 -9999.000000 -9999.000000 -9999.000000 -9999.000000 -9999.000000 -9999.000000 -9999.000000 -9999.000000 -9999.000000 -9999.000000 -9999.000000 -9999.000000 -9999.000000 -9999.000000 -9999.000000 -9999.000000 -9999.000000 -9999.000000 -9999.000000 -9999.000000 -9999.000000 -9999.000000 -9999.000000 -9999.000000 -9999.000000 -9999.000000 -9999.000000 -9999.000000 0.611065 0.611065 0.619385 0.650061 0.644986 0.624957 0.633444 0.633955 0.635670 0.635714 0.631027 0.764228 0.764277 0.772299 0.778147 0.781568 0.846806 0.785884 0.861783 0.842896 0.842896 0.847665 0.836811 0.850012 0.850012 0.844072 0.854972 0.854972
-9999.000000 -9999.000000 -9999.000000 -9999.000000 -9999.000000 -9999.000000 -9999.000000 -9999.000000 -9999.000000 -9999.000000 -9999.000000 -9999.000000 -9999.000000 -9999.000000 -9999.000000 -9999.000000 -9999.000000 -9999.000000 -9999.000000 -9999.000000 -9999.000000 -9999.000000 -9999.000000 -9999.000000 -9999.000000 -9999.000000 -9999.000000 -9999.000000 -9999.000000 0.611065 0.619385 0.627904 0.636292 0.616498 0.624957 0.624957 0.629237 0.630927 0.631080 0.631072 0.764228 0.770120 0.776091 0.782035 0.833041 0.785977 0.850711 0.853778 0.861660 0.871080 0.838987 0.828123 0.838876 0.832986 0.832986 0.843685 0.843742
-9999.000000 -9999.000000 -9999.000000 -9999.000000 -9999.000000 -9999.000000 -9999.000000 -9999.000000 -9999.000000 -9999.000000 -9999.000000 -9999.000000 -9999.000000 -9999.000000 -9999.000000 -9999.000000 -9999.000000 -9999.000000 -9999.000000 -9999.000000 -9999.000000 -9999.000000 -9999.000000 -9999.000000 -9999.000000 -9999.000000 -9999.000000 -9999.000000 -9999.000000 0.611065 0.619611 0.627904 0.627904 0.616366 0.616366 0.616246 0.620404 0.626207 0.626149 0.626383 0.764525 0.770507 0.776276 0.781884 0.786009 0.949556 0.893882 0.809796 0.794443 0.825932 0.825932 0.816662 0.828123 0.828123 0.816768 0.832455 0.811554
-9999.000000 -9999.000000 -9999.000000 -9999.000000 -9999.000000 -9999.000000 -9999.000000 -9999.000000 -9999.000000 -9999.000000 -9999.000000 -9999.000000 -9999.000000 -9999.000000 -9999.000000 -9999.000000 -9999.000000 -9999.000000 -9999.000000 -9999.000000 -9999.000000 -9999.000000 -9999.000000 -9999.000000 -9999.000000 -9999.000000 -9999.000000 -9999.000000 -9999.000000 0.611385 1.000000 0.619611 0.619286 0.607695 0.607605 0.607461 0.611571 0.621215 0.621507 0.758707 0.764524 0.764524 0.774237 0.780188 0.786032 0.785977 0.790250 0.794443 0.783783 0.814667 0.814551 0.816662 0.816662 0.816768 0.816768 0.800736 0.800736
-9999.000000 -9999.000000 -9999.000000 -9999.000000 -9999.000000 -9999.000000 -9999.000000 -9999.000000 -9999.000000 -9999.000000 -9999.000000 -9999.000000 -9999.000000 -9999.000000 -9999.000000 -9999.000000 -9999.000000 -9999.000000 -9999.000000 -9999.000000 -9999.000000 -9999.000000 -9999.000000 -9999.000000 -9999.000000 -9999.000000 -9999.000000 -9999.000000 -9999.000000 0.603033 1.000000 0.610896 0.610409 0.610409 0.598881 0.598752 0.602888 0.746965 0.752864 0.752796 0.762432 0.768335 0.774237 0.774236 0.780145 0.779471 0.779471 0.783551 0.783551 0.803226 0.803226 0.805072 0.805228 0.805228 0.805382 0.789669 0.789659
-9999.000000 -9999.000000 -9999.000000 -9999.000000 -9999.000000 -9999.000000 -9999.000000 -9999.000000 -9999.000000 -9999.000000 -9999.000000 -9999.000000 -9999.000000 -9999.000000 -9999.000000 -9999.000000 -9999.000000 -9999.000000 -9999.000000 -9999.000000 -9999.000000 -9999.000000 -9999.000000 -9999.000000 -9999.000000 -9999.000000 -9999.000000 -9999.000000 -9999.000000 -9999.000000 1.000000 1.000000 0.602255 0.601723 0.590513 0.679513 0.741195 0.746965 0.746998 0.756625 0.762529 0.768445 0.768401 0.774285 0.774223 0.763192 0.773588 0.763192 0.772572 0.772572 0.791939 0.780593 0.793803 0.793886 0.778542 0.778542 0.789209
-9999.000000 -9999.000000 -9999.000000 -9999.000000 -9999.000000 -9999.000000 -9999.000000 -9999.000000 -9999.000000 -9999.000000 -9999.000000 -9999.000000 -9999.000000 -9999.000000 -9999.000000 -9999.000000 -9999.000000 -9999.000000 -9999.000000 -9999.000000 -9999.000000 -9999.000000 -9999.000000 -9999.000000 -9999.000000 -9999.000000 -9999.000000 -9999.000000 -9999.000000 -9999.000000 -9999.000000 -9999.000000 -9999.000000 -9999.000000 0.679414 0.689061 0.689061 0.703988 0.703988 0.756757 0.762579 0.762529 0.768401 0.768401 0.768423 0.763210 0.763192 0.763192 0.752654 0.761803 0.780593 0.780593 0.782324 0.782503 0.767477 0.778128 0.778128
-9999.000000 -9999.000000 -9999.000000 -9999.000000 -9999.000000 -9999.000000 -9999.000000 -9999.000000 -9999.000000 -9999.000000 -9999.000000 -9999.000000 -9999.000000 -9999.000000 -9999.000000 -9999.000000 -9999.000000 -9999.000000 -9999.000000 -9999.000000 -9999.000000 -9999.000000 -9999.000000 -9999.000000 -9999.000000 -9999.000000 -9999.000000 -9999.000000 -9999.000000 -9999.000000 -9999.000000 -9999.000000 -9999.000000 -9999.000000 -9999.000000 0.689061 0.698772 0.704091 0.709490 0.709435 0.746045 0.751679 0.757253 0.762734 0.762703 0.757508 0.752630 0.752630 0.752558 0.742103 0.750979 0.769414 0.771393 0.756608 0.767171 0.736223 0.746867
-9999.000000 -9999.000000 -9999.000000 -9999.000000 -9999.000000 -9999.000000 -9999.000000 -9999.000000 -9999.000000 -9999.000000 -9999.000000 -9999.000000 -9999.000000 -9999.000000 -9999.000000 -9999.000000 -9999.000000 -9999.000000 -9999.000000 -9999.000000 -9999.000000 -9999.000000 -9999.000000 -9999.000000 -9999.000000 -9999.000000 -9999.000000 -9999.000000 -9999.000000 -9999.000000 -9999.000000 -9999.000000 -9999.000000 -9999.000000 -9999.000000 -9999.000000 0.698772 0.704091 0.709492 0.714909 0.714811 0.720174 0.725585 0.730987 0.736314 0.751799 0.741599 0.742139 0.742008 0.742008 0.731655 0.759054 0.760906 0.746034 0.756313 0.736223 0.746867
-9999.000000 -9999.000000 -9999.000000 -9999.000000 -9999.000000 -9999.000000 -9999.000000 -9999.000000 -9999.000000 -9999.000000 -9999.000000 -9999.000000 -9999.000000 -9999.000000 -9999.000000 -9999.000000 -9999.000000 -9999.000000 -9999.000000 -9999.000000 -9999.000000 -9999.000000 -9999.000000 -9999.000000 -9999.000000 -9999.000000 -9999.000000 -9999.000000 -9999.000000 -9999.000000 -9999.000000 -9999.000000 -9999.000000 -9999.000000 -9999.000000 -9999.000000 -9999.000000 -9999.000000 0.709404 0.714811 0.720296 0.725658 0.731049 0.736366 0.741643 0.741599 0.731477 0.721327 1.000000 1.000000 -9999.000000 -9999.000000 -9999.000000 -9999.000000 0.725705 0.736082 0.746554
-9999.000000 -9999.000000 -9999.000000 -9999.000000 -9999.000000 -9999.000000 -9999.000000 -9999.000000 -9999.000000 -9999.000000 -9999.000000 -9999.000000 -9999.000000 -9999.000000 -9999.000000 -9999.000000 -9999.000000 -9999.000000 -9999.000000 -9999.000000 -9999.000000 -9999.000000 -9999.000000 -9999.000000 -9999.000000 -9999.000000 -9999.000000 -9999.000000 -9999.000000 -9999.000000 -9999.000000 -9999.000000 -9999.000000 -9999.000000 -9999.000000 -9999.000000 -9999.000000 -9999.000000 -9999.000000 0.714812 0.714811 0.725626 0.730963 0.736341 0.736332 0.731492 0.731477 1.000000 -9999.000000 -9999.000000 -9999.000000 -9999.000000 -9999.000000 -9999.000000 -9999.000000 0.716068 0.725917
