ASCII/bv_result_4.txt
ncols         489
nrows         533
xllcorner     593175.11526712
yllcorner     2721796.0885475
cellsize      29.615804956512
NODATA_value  -9999
[rows 425 to 449 of 533, columns 0 to 56 of 489]
-9999.000000 -9999.000000 -9999.000000 -9999.000000 -9999.000000 -9999.000000 -9999.000000 -9999.000000 -9999.000000 -9999.000000 -9999.000000 -9999.000000 -9999.000000 -9999.000000 -9999.000000 -9999.000000 -9999.000000 -9999.000000 -9999.000000 0.200051 0.203116 0.203116 0.208886 0.212067 0.215275 0.218529 0.221885 0.221885 0.228573 0.228573 0.235267 0.238715 0.238715 0.242260 0.242260 0.242328 0.249689 0.253284 0.253284 0.253271 0.253253 0.253186 0.253186 0.253310 0.249746 0.249627 0.249913 0.249913 0.274534 0.289820 0.294087 0.298415 0.302647 0.307104 0.311610 0.316226 0.320944
-9999.000000 -9999.000000 -9999.000000 -9999.000000 -9999.000000 -9999.000000 -9999.000000 -9999.000000 -9999.000000 -9999.000000 -9999.000000 -9999.000000 -9999.000000 -9999.000000 -9999.000000 -9999.000000 -9999.000000 -9999.000000 0.197190 0.200181 0.203116 0.206205 0.209297 0.209340 0.215296 0.218546 0.221885 0.225271 0.225271 0.231976 0.235376 0.238851 0.242375 0.242260 0.246001 0.246008 0.253428 0.257105 0.257121 0.257121 0.257118 0.257055 0.257055 0.257052 0.253384 0.253394 0.253394 0.253646 0.278549 0.290250 0.294317 0.298625 0.302736 0.307143 0.311610 0.316226 0.320944
-9999.000000 -9999.000000 -9999.000000 -9999.000000 -9999.000000 -9999.000000 -9999.000000 -9999.000000 -9999.000000 -9999.000000 -9999.000000 -9999.000000 -9999.000000 -9999.000000 -9999.000000 -9999.000000 1.000000 0.194388 0.197190 0.200181 0.203208 0.206173 0.209297 0.212497 0.212520 0.218546 0.221869 0.225271 0.228633 0.228611 0.235501 0.238980 0.242498 0.246067 0.246067 0.249647 0.249649 0.257221 0.260982 0.261008 0.261008 0.260970 0.260970 0.260685 0.260685 0.257193 0.257193 0.257338 0.282520 0.290279 0.294499 0.298625 0.302912 0.307143 0.311631 0.316226 0.320910
-9999.000000 -9999.000000 -9999.000000 -9999.000000 -9999.000000 -9999.000000 -9999.000000 -9999.000000 -9999.000000 -9999.000000 -9999.000000 -9999.000000 -9999.000000 -9999.000000 -9999.000000 -9999.000000 0.191473 0.194431 0.197349 0.200231 0.203208 0.206163 0.209287 0.212489 0.215713 0.215713 0.221869 0.225226 0.228661 0.232113 0.232113 0.239084 0.242601 0.246163 0.249753 0.253308 0.253344 0.253344 0.261013 0.264835 0.264835 0.264861 0.264731 0.264673 0.260773 0.260879 0.260985 0.260985 0.286494 0.290279 0.294499 0.298745 0.302912 0.307143 0.311631 0.316194 0.320910
-9999.000000 -9999.000000 -9999.000000 -9999.000000 -9999.000000 -9999.000000 -9999.000000 -9999.000000 -9999.000000 -9999.000000 -9999.000000 -9999.000000 -9999.000000 -9999.000000 -9999.000000 0.188656 0.191473 0.194431 0.197380 0.200278 0.203140 0.206169 0.209290 0.212489 0.215713 0.218939 0.222152 0.225226 0.228676 0.232166 0.235653 0.239166 0.242704 0.246241 0.249805 0.253447 0.257070 0.257070 0.261100 0.264835 0.268662 0.268662 0.268640 0.268640 0.264686 0.264754 0.264754 0.261075 0.286484 0.290475 0.294581 0.298745 0.302912 0.307176 0.324730 0.324788 0.320510
-9999.000000 -9999.000000 -9999.000000 -9999.000000 -9999.000000 -9999.000000 -9999.000000 -9999.000000 -9999.000000 -9999.000000 -9999.000000 -9999.000000 -9999.000000 -9999.000000 -9999.000000 0.188656 0.191567 0.194501 0.197380 0.200260 0.203202 0.206169 0.209304 0.212489 0.215695 0.218904 0.222152 0.225535 0.228676 0.232166 0.235653 0.239166 0.242704 0.246241 0.249805 0.253447 0.257142 0.260769 0.264425 0.264877 0.268662 0.272403 0.272403 0.272275 0.268515 0.268515 0.264754 0.261075 0.286484 0.290475 0.294581 0.298736 0.320503 0.319922 0.324780 0.329664 0.329664
-9999.000000 -9999.000000 -9999.000000 -9999.000000 -9999.000000 -9999.000000 -9999.000000 -9999.000000 -9999.000000 -9999.000000 -9999.000000 -9999.000000 -9999.000000 -9999.000000 0.185885 0.188661 0.191563 0.194477 0.197363 0.200260 0.203202 0.206227 0.209348 0.212518 0.215695 0.218904 0.222147 0.225535 0.229015 0.232471 0.235927 0.239387 0.242839 0.246321 0.249861 0.253481 0.257142 0.260769 0.264425 0.268187 0.272002 0.275755 0.275970 0.275970 0.272275 0.268515 0.311151 0.306712 0.282593 0.319731 0.319688 0.319729 0.329597 0.325279 0.324780 0.329711 0.334539
-9999.000000 -9999.000000 -9999.000000 -9999.000000 -9999.000000 -9999.000000 -9999.000000 -9999.000000 -9999.000000 -9999.000000 -9999.000000 -9999.000000 -9999.000000 -9999.000000 0.185885 0.207180 0.210362 0.213540 0.216735 0.219979 0.223293 0.226538 0.229995 0.233467 0.236951 0.240501 0.244058 0.247782 0.251595 0.255371 0.259193 0.263008 0.266814 0.270701 0.274605 0.267146 0.270998 0.274866 0.268243 0.271903 0.275755 0.279611 0.279611 0.311352 0.311352 0.315598 0.311151 0.315428 0.315294 0.319731 0.324466 0.324466 0.324515 0.334562 0.330211 0.335147 0.334462
-9999.000000 -9999.000000 -9999.000000 -9999.000000 -9999.000000 -9999.000000 -9999.000000 -9999.000000 -9999.000000 -9999.000000 -9999.000000 -9999.000000 -9999.000000 -9999.000000 0.204098 0.207211 0.210399 0.213540 0.216684 0.219979 0.223288 0.226628 0.229932 0.233368 0.236847 0.240390 0.243942 0.247797 0.251595 0.255371 0.259116 0.262944 0.266814 0.270701 0.274601 0.278551 0.282640 0.278778 0.278778 0.271903 0.275755 0.283412 0.283412 0.315777 0.315720 0.320159 0.320159 0.320090 0.320084 0.320149 0.319991 0.329393 0.329393 0.329429 0.339588 0.339588 0.339933
-9999.000000 -9999.000000 -9999.000000 -9999.000000 -9999.000000 -9999.000000 -9999.000000 -9999.000000 -9999.000000 -9999.000000 -9999.000000 -9999.000000 -9999.000000 0.201222 0.204027 0.207107 0.210294 0.213429 0.216662 0.219962 0.223288 0.226628 0.229988 0.233368 0.236817 0.240364 0.243942 0.247668 0.251458 0.255254 0.259066 0.262894 0.266774 0.270689 0.274601 0.278551 0.282596 0.286740 0.282747 0.286823 0.286823 0.287494 0.287494 0.283527 0.320363 0.320363 0.324963 0.324963 0.324963 0.325028 0.324860 0.329573 0.334328 0.334328 0.339588 0.344498 0.344791
-9999.000000 -9999.000000 -9999.000000 -9999.000000 -9999.000000 -9999.000000 -9999.000000 -9999.000000 -9999.000000 -9999.000000 -9999.000000 -9999.000000 -9999.000000 0.204484 0.207403 0.207107 0.210276 0.213429 0.216638 0.219911 0.223224 0.226567 0.229912 0.233288 0.236826 0.240391 0.243937 0.247654 0.251458 0.255268 0.259066 0.262853 0.266689 0.270614 0.274561 0.278536 0.282596 0.286689 0.290828 0.286823 0.291041 0.291041 0.291745 0.287674 0.320331 0.325045 0.329841 0.329841 0.329825 0.329825 0.324860 0.329573 0.334328 0.339066 0.344131 0.349292 0.349621
-9999.000000 -9999.000000 -9999.000000 -9999.000000 -9999.000000 -9999.000000 -9999.000000 -9999.000000 -9999.000000 -9999.000000 -9999.000000 -9999.000000 -9999.000000 0.204382 0.207403 0.210570 0.213781 0.213780 0.217001 0.219967 0.223258 0.226593 0.229912 0.233288 0.236818 0.240391 0.243962 0.247654 0.251480 0.255297 0.259069 0.262853 0.266689 0.270614 0.274561 0.278539 0.282588 0.286689 0.290824 0.295074 0.295074 0.295283 0.295922 0.291745 0.320331 0.324936 0.329841 0.334709 0.334709 0.334519 0.334519 0.353871 0.339049 0.344143 0.344143 0.349318 0.354499
-9999.000000 -9999.000000 -9999.000000 -9999.000000 -9999.000000 -9999.000000 -9999.000000 -9999.000000 -9999.000000 -9999.000000 -9999.000000 -9999.000000 0.201396 0.204337 0.207436 0.210586 0.213800 0.217004 0.217001 0.220241 0.220695 0.223968 0.227254 0.230744 0.236898 0.240483 0.244065 0.247683 0.251494 0.255299 0.259064 0.262870 0.266727 0.270649 0.274567 0.278517 0.282551 0.286654 0.290824 0.295074 0.299354 0.299354 0.299631 0.299610 0.320331 0.324936 0.329765 0.334587 0.339447 0.339447 0.344054 0.348908 0.359125 0.344143 0.349318 0.354499 0.359634
-9999.000000 -9999.000000 -9999.000000 -9999.000000 -9999.000000 -9999.000000 -9999.000000 -9999.000000 -9999.000000 -9999.000000 -9999.000000 -9999.000000 0.201396 0.204337 0.207432 0.210596 0.213800 0.217004 0.220245 0.223517 0.223517 0.223998 0.227275 0.230744 0.234294 0.240483 0.244065 0.247722 0.251499 0.255282 0.259044 0.262860 0.266730 0.270649 0.274567 0.278495 0.282544 0.286648 0.290824 0.295074 0.295074 0.303545 0.303545 0.303562 0.320388 0.324936 0.329765 0.334587 0.339447 0.344279 0.349104 0.349104 0.354100 0.364456 0.359591 0.364810 0.364826
-9999.000000 -9999.000000 -9999.000000 -9999.000000 -9999.000000 -9999.000000 -9999.000000 -9999.000000 -9999.000000 -9999.000000 -9999.000000 0.198485 0.201393 0.204305 0.207432 0.210577 0.213750 0.216932 0.220182 0.223489 0.226882 0.226886 0.227402 0.230771 0.234294 0.237764 0.240655 0.244208 0.247900 0.251618 0.255314 0.259080 0.262895 0.266744 0.270598 0.274517 0.278522 0.282589 0.286711 0.290855 0.299354 0.299354 0.307626 0.307626 0.320388 0.324892 0.329591 0.334483 0.339430 0.344279 0.349168 0.354179 0.359306 0.364521 0.369809 0.364850 0.370162
-9999.000000 -9999.000000 -9999.000000 -9999.000000 -9999.000000 -9999.000000 -9999.000000 -9999.000000 -9999.000000 -9999.000000 0.195587 0.198544 0.201393 0.204483 0.207561 0.210666 0.213836 0.216962 0.220182 0.223489 0.226872 0.230336 0.230336 0.230834 0.234302 0.237764 0.241220 0.244790 0.248419 0.252148 0.255839 0.259100 0.262895 0.266744 0.270598 0.274517 0.278522 0.282589 0.286711 0.294845 0.299105 0.303409 0.307626 0.311668 0.316060 0.324892 0.329514 0.334383 0.339336 0.344236 0.349168 0.354179 0.359306 0.364535 0.369867 0.375245 0.370162
-9999.000000 -9999.000000 -9999.000000 -9999.000000 -9999.000000 -9999.000000 -9999.000000 -9999.000000 -9999.000000 0.192630 0.195538 0.198573 0.201594 0.204676 0.207581 0.210705 0.213860 0.217057 0.220192 0.223472 0.226872 0.230336 0.233788 0.237183 0.234218 0.237682 0.241191 0.244825 0.248500 0.252234 0.255839 0.259588 0.263378 0.267177 0.270961 0.278582 0.282622 0.286759 0.290953 0.294845 0.299105 0.303409 0.303409 0.311440 0.316031 0.320605 0.320605 0.334360 0.339289 0.344170 0.349109 0.354156 0.359314 0.364535 0.369867 0.375245 0.380558
-9999.000000 -9999.000000 -9999.000000 -9999.000000 -9999.000000 -9999.000000 -9999.000000 -9999.000000 -9999.000000 0.192630 0.195538 0.198573 0.201614 0.204690 0.207781 0.210705 0.213860 0.217057 0.220242 0.223572 0.226901 0.230358 0.233788 0.237183 0.240644 0.244190 0.241191 0.244825 0.248521 0.252234 0.255896 0.259591 0.263378 0.267209 0.271018 0.274847 0.282623 0.286764 0.290953 0.295095 0.299116 0.299139 0.307214 0.311440 0.315963 0.320662 0.325312 0.325312 0.334333 0.339108 0.343982 0.348965 0.354048 0.359214 0.364490 0.369766 0.380558
-9999.000000 -9999.000000 -9999.000000 -9999.000000 -9999.000000 -9999.000000 -9999.000000 -9999.000000 -9999.000000 0.192548 0.195527 0.198573 0.201614 0.204690 0.207781 0.210870 0.214029 0.217201 0.220242 0.223572 0.226997 0.230419 0.233836 0.237323 0.240860 0.244410 0.247853 0.251571 0.255346 0.259162 0.263010 0.259601 0.263373 0.267209 0.271018 0.274847 0.278808 0.282871 0.286962 0.291014 0.295037 0.302890 0.307046 0.311319 0.315963 0.320636 0.325312 0.330011 0.330011 0.339108 0.343961 0.348905 0.353937 0.359102 0.364425 0.369766 0.374922
-9999.000000 -9999.000000 -9999.000000 -9999.000000 -9999.000000 -9999.000000 -9999.000000 -9999.000000 -9999.000000 0.192539 0.195562 0.198595 0.201647 0.204749 0.207808 0.210870 0.213995 0.217188 0.220440 0.223627 0.227027 0.230413 0.233836 0.237323 0.240881 0.244479 0.248063 0.251571 0.255334 0.259162 0.262995 0.266813 0.270652 0.274585 0.278489 0.278509 0.278866 0.282904 0.286962 0.291014 0.291014 0.298695 0.306812 0.311319 0.315894 0.320636 0.325331 0.330011 0.334718 0.334718 0.344050 0.348905 0.353937 0.359102 0.369441 0.374922 0.380176
-9999.000000 -9999.000000 -9999.000000 -9999.000000 -9999.000000 -9999.000000 -9999.000000 -9999.000000 0.189723 0.192663 0.195545 0.198553 0.201576 0.204687 0.207751 0.210823 0.213976 0.217188 0.220440 0.223735 0.227103 0.230516 0.230568 0.237324 0.240881 0.244479 0.248093 0.251724 0.255325 0.259136 0.262995 0.266813 0.270675 0.274575 0.278501 0.282475 0.282523 0.282523 0.286929 0.286929 0.286919 0.294491 0.302365 0.311257 0.315920 0.320636 0.325331 0.330011 0.334718 0.339486 0.344050 0.348929 0.358757 0.364030 0.369458 0.374922 0.380176
-9999.000000 -9999.000000 -9999.000000 -9999.000000 -9999.000000 -9999.000000 -9999.000000 -9999.000000 0.174539 0.192663 0.195656 0.198611 0.201576 0.204656 0.207751 0.185769 0.188581 0.191472 0.194401 0.194374 0.227056 0.230536 0.234028 0.234028 0.240887 0.244480 0.248102 0.251758 0.255435 0.259185 0.263021 0.266892 0.270783 0.274687 0.278501 0.282475 0.286536 0.286536 0.290548 0.298674 0.298674 0.302340 0.306805 0.306876 0.316024 0.320642 0.325253 0.329866 0.329933 0.334718 0.339486 0.348969 0.358688 0.364030 0.369487 0.374869 0.380144
-9999.000000 -9999.000000 -9999.000000 -9999.000000 -9999.000000 -9999.000000 -9999.000000 0.172096 0.174539 0.177240 0.179961 0.182646 0.185415 0.204656 0.204656 0.185769 0.188565 0.191502 0.194390 0.197355 0.197355 0.230536 0.234028 0.237496 0.240992 0.244480 0.248102 0.251758 0.255435 0.259185 0.263021 0.266892 0.270783 0.274687 0.278613 0.282630 0.282630 0.290574 0.294595 0.298731 0.302994 0.302385 0.306891 0.311448 0.311448 0.311499 0.320340 0.325100 0.334535 0.339426 0.339426 0.349081 0.354045 0.364070 0.369487 0.374869 0.374869
-9999.000000 -9999.000000 -9999.000000 -9999.000000 -9999.000000 -9999.000000 -9999.000000 0.172077 0.174699 0.177383 0.180087 0.182788 0.185415 0.188221 0.191029 0.193948 0.188565 0.191502 0.194403 0.197355 0.200379 0.203357 0.206375 0.209418 0.240992 0.244535 0.248101 0.251721 0.255390 0.259135 0.262964 0.266827 0.270708 0.274615 0.278613 0.282630 0.286671 0.290673 0.294660 0.298813 0.303076 0.307465 0.306891 0.311448 0.315971 0.315971 0.320439 0.325038 0.334493 0.339396 0.344186 0.349131 0.354206 0.359282 0.364534 0.369666 0.380087
-9999.000000 -9999.000000 -9999.000000 -9999.000000 -9999.000000 -9999.000000 0.167566 0.172077 0.174671 0.177363 0.180050 0.182788 0.185574 0.188389 0.191060 0.193948 0.196942 0.199988 0.203039 0.197384 0.200379 0.203308 0.206375 0.209418 0.212489 0.215609 0.248097 0.251696 0.255369 0.259135 0.262950 0.266772 0.270667 0.274615 0.278610 0.282618 0.286605 0.290683 0.294770 0.298813 0.303076 0.307495 0.311960 0.316483 0.315971 0.320439 0.325038 0.329740 0.334551 0.339396 0.344186 0.349131 0.354206 0.359364 0.364534 0.374890 0.380112
