ASCII/bv_result_4.txt
ncols         489
nrows         533
xllcorner     593175.11526712
yllcorner     2721796.0885475
cellsize      29.615804956512
NODATA_value  -9999
[rows 325 to 349 of 533, columns 342 to 398 of 489]
0.756969 0.767921 0.779009 0.785196 0.791793 0.803092 0.814394 0.825670 0.836869 0.859660 0.872071 0.883800 0.895874 0.908214 0.920735 0.920735 0.933446 0.933446 0.972216 0.985971 1.000000 -9999.000000 -9999.000000 -9999.000000 -9999.000000 -9999.000000 0.993600 0.978228 0.971102 0.964044 0.907328 0.907328 0.874188 0.872209 0.872383 0.872383 0.868582 0.868907 0.868907 0.868907 0.864824 0.860464 0.855888 0.841907 0.841907 0.833499 0.825561 0.820790 0.816046 0.811329 0.806136 0.800977 0.795235 0.788239 0.788239 0.783899 0.776289
0.756718 0.767953 0.774029 0.780541 0.791613 0.803024 0.814394 0.836869 0.848568 0.848568 0.744479 0.754731 0.765239 0.765239 0.765253 0.765253 0.920431 0.958744 0.972216 0.985991 1.000000 -9999.000000 -9999.000000 -9999.000000 -9999.000000 -9999.000000 1.000000 0.985522 0.978228 0.964044 0.907328 0.916831 0.879117 0.877092 0.877092 0.872383 0.873092 0.873011 0.873011 0.868907 0.864528 0.860089 0.855674 0.847298 0.841907 0.836592 0.831310 0.826029 0.820829 0.816084 0.810892 0.805122 0.799596 0.793897 0.788239 0.784204 0.780251
0.756718 0.763012 0.769487 0.780538 0.791729 0.803024 0.803024 0.836869 0.836869 0.836869 0.744255 0.754731 0.765239 0.776007 0.776007 0.775397 0.786032 0.819667 0.819667 0.831403 1.000000 -9999.000000 1.000000 -9999.000000 -9999.000000 -9999.000000 -9999.000000 0.992848 0.985522 0.946282 0.928874 0.921643 0.883268 0.881742 0.877092 0.877584 0.877515 0.877515 0.873011 0.868501 0.863967 0.855674 0.847298 0.841907 0.836592 0.836592 0.826029 0.826029 0.820419 0.815014 0.805122 0.805122 0.799223 0.793652 0.789922 0.786209 0.782514
0.747348 0.758392 0.769603 0.780737 0.791729 0.791729 0.825042 0.825102 0.825388 0.733608 0.744013 0.754533 0.765192 0.776007 0.786666 0.786303 0.797408 0.797408 0.831591 0.831591 0.842980 1.000000 1.000000 1.000000 1.000000 -9999.000000 -9999.000000 1.000000 0.993600 0.955901 0.938056 0.926312 0.887439 0.886365 0.885946 0.886319 0.886016 0.877515 0.868501 0.863967 0.864815 0.869278 0.864815 0.836387 0.830949 0.830949 0.820390 0.820419 0.815014 0.809043 0.809043 0.799223 0.799223 0.793160 0.787201 0.782935 0.778820
0.747253 0.758246 0.769477 0.780737 0.780722 0.813552 0.703663 0.713669 0.723720 0.733608 0.744013 0.754533 0.765024 0.776007 0.786666 0.797506 0.797408 0.808764 0.831591 0.842980 0.854183 0.865056 0.875155 1.000000 1.000000 -9999.000000 -9999.000000 -9999.000000 1.000000 0.964466 0.946461 0.930687 0.891630 0.890551 0.890129 0.890505 0.890505 0.890505 0.886189 0.877514 0.875035 0.875035 0.869278 0.830811 0.825350 0.825261 0.825261 0.808943 0.808943 0.802966 0.802966 0.793140 0.793160 0.787201 0.782935 0.774865 0.778820
0.747253 0.758246 0.769477 0.758747 0.769775 0.693809 0.703394 0.713527 0.723720 0.733902 0.744076 0.754437 0.765024 0.775612 0.786666 0.797506 0.808764 0.819859 0.830900 0.842065 0.853121 0.864155 0.875155 0.879288 1.000000 1.000000 -9999.000000 -9999.000000 -9999.000000 0.969020 0.950930 0.935082 0.895840 0.894756 0.894333 0.894710 0.894710 0.894710 0.894710 0.886189 0.880594 0.875035 0.869092 0.863378 0.819850 0.792602 0.792602 0.803197 0.803197 0.803197 0.797335 0.785833 0.779973 0.763139 0.768995 0.774865 0.774865
0.747304 0.758287 0.747756 0.758747 0.758747 0.693377 0.703394 0.713527 0.723720 0.723720 0.743413 0.753937 0.764497 0.775259 0.786268 0.797506 0.808764 0.808764 0.819859 0.830900 0.842065 0.853121 0.875155 0.879288 0.883440 1.000000 1.000000 -9999.000000 -9999.000000 0.973596 0.955421 0.939497 0.900071 0.898981 0.898556 0.898935 0.898935 0.898935 0.894710 0.886765 0.881639 0.875753 0.869092 0.863109 0.814350 0.792602 0.797976 0.797976 0.798095 0.797335 0.791662 0.785833 0.779973 0.763139 0.768995 0.768995 0.770626
0.726558 0.736954 0.747868 0.747945 0.683689 0.693362 0.703301 0.713359 0.713497 0.733019 0.743413 0.739919 0.764497 0.775259 0.786268 0.797289 0.797345 0.797345 0.808461 0.830737 0.830737 0.862749 0.874254 0.878846 0.883440 0.887999 1.000000 -9999.000000 -9999.000000 0.982319 0.959933 0.943934 0.904321 0.903227 0.902799 0.903180 0.903180 0.898935 0.894710 0.889538 0.883832 0.877795 0.869678 0.863102 0.787178 0.787154 0.792602 0.792938 0.792987 0.791662 0.785945 0.780062 0.779973 0.763105 0.763105 0.765245 0.765245
0.726558 0.737148 0.626762 0.635929 0.635929 0.693362 0.703132 0.703179 0.726119 0.732578 0.739726 0.746829 0.746829 0.753840 0.770253 0.781074 0.791876 0.792011 0.792011 0.819339 0.851049 0.851236 0.862749 0.874254 0.878846 0.883440 0.892581 1.000000 -9999.000000 0.991120 0.964466 0.948391 0.908903 0.908903 0.908430 0.908430 0.903180 0.897959 0.892769 0.887235 0.881399 0.877795 0.871691 0.857297 0.781857 0.777086 0.782563 0.787835 0.787912 0.785945 0.780188 0.780062 0.763117 0.774300 0.768887 0.763267 0.759908
0.491225 0.491217 0.626762 0.635929 0.644792 0.693367 0.693204 0.719176 0.732339 0.739486 0.739681 0.746829 0.753801 0.760678 0.770253 0.781150 0.792132 0.803032 0.803032 0.813747 0.824719 0.851236 0.851236 0.869562 0.874227 0.892581 0.897216 1.000000 -9999.000000 1.000000 0.973107 0.953905 0.914614 0.908903 0.914360 0.908430 0.902516 0.896686 0.890895 0.885059 0.881399 0.875277 0.869129 0.865736 0.851473 0.777086 0.777214 0.782563 0.783028 0.780188 0.774864 0.768941 0.763117 0.768887 0.768887 0.763226 0.757563
0.495490 0.498388 0.498388 0.644792 0.653592 0.656366 0.671526 0.694035 0.732257 0.739486 0.746688 0.753801 0.760678 0.767206 0.774000 0.781150 0.792132 0.803032 0.813747 0.824719 0.835840 0.846694 0.835840 0.869562 0.869562 0.897216 0.901989 1.000000 -9999.000000 -9999.000000 0.981825 0.959450 0.920362 0.920362 0.914360 0.902516 0.896686 0.890895 0.885059 0.885059 0.878981 0.875277 0.869129 0.863129 0.761986 0.767119 0.772504 0.777929 0.777929 0.774864 0.774864 0.763117 0.763117 0.763189 0.763226 0.763226 0.757563
0.502646 0.502646 0.505541 0.662771 0.662771 0.665538 0.681186 0.681186 0.700678 0.739686 0.746940 0.753967 0.760716 0.767206 0.774000 0.781150 0.781643 0.792509 0.803032 0.813747 0.835840 0.835840 0.835840 0.857771 0.857771 0.901989 0.914270 1.000000 1.000000 -9999.000000 0.990622 0.968047 0.926145 0.920362 0.923360 0.917250 0.890660 0.884907 0.884907 0.878981 0.878981 0.872767 0.869076 0.756683 0.761986 0.767119 0.772504 0.772504 0.772533 0.772533 0.769427 0.768866 0.757531 0.757531 0.726849 0.731577 0.736333
0.516064 0.509872 0.509872 0.512773 0.668961 0.671763 0.681327 0.691197 0.691197 0.707574 0.714483 0.721133 0.730823 0.730823 0.730772 0.760626 0.771390 0.782136 0.792509 0.782136 0.824521 0.824426 0.824380 0.845939 0.889469 0.914270 0.927001 1.000000 1.000000 -9999.000000 0.995300 0.976720 0.931922 0.929362 0.923360 0.925581 0.919303 0.879039 0.879005 0.873059 0.866939 0.872758 0.866610 0.756683 0.756683 0.761730 0.767011 0.766998 0.767096 0.767183 0.767183 0.751999 0.751999 0.751969 0.726849 0.731577 0.731577
0.523534 0.523696 0.517175 0.517175 0.517526 0.675137 0.681327 0.691197 0.701211 0.707738 0.714518 0.721148 0.730823 0.740547 0.740547 0.760626 0.771316 0.782136 0.782136 0.782136 0.771440 0.760941 0.813129 0.801934 0.901533 0.914270 0.914270 0.931994 1.000000 -9999.000000 1.000000 0.981332 0.940272 0.935159 0.931645 0.925581 0.919303 0.913235 0.873059 0.873059 0.866939 0.860787 0.866610 0.751340 0.751284 0.761535 0.761535 0.761647 0.761647 0.761936 0.761936 0.756727 0.747158 0.722000 0.726641 0.726641 0.726641
0.531072 0.531106 0.531106 0.524339 0.524339 0.675137 0.681327 0.694664 0.701211 0.707738 0.714518 0.714518 0.730416 0.740547 0.750507 0.760646 0.771316 0.771316 0.771472 0.771440 0.760941 0.750498 0.801934 0.801934 0.913891 0.926746 0.931994 0.937093 1.000000 -9999.000000 -9999.000000 0.985966 0.944712 0.943538 0.937619 0.931645 0.925314 0.930925 0.867005 0.867005 0.866896 0.860756 0.854654 0.746009 0.751375 0.756235 0.751375 0.756220 0.756587 0.756727 0.756727 0.756727 0.742215 0.717156 0.721602 0.721488 0.721471
0.538653 0.538653 0.531384 0.531384 0.524084 0.675137 0.688144 0.694664 0.701211 0.707822 0.707790 0.707790 0.720116 0.730416 0.740547 0.750346 0.764130 0.764130 0.764300 0.764300 0.750190 0.750190 0.888809 0.901256 0.913891 0.926689 0.931994 0.937093 0.941959 1.000000 -9999.000000 0.990622 0.949173 0.947993 0.943468 0.943751 0.937444 0.930925 0.924438 0.861048 0.855136 0.849099 0.914884 0.908630 0.824838 0.824871 0.824871 0.746273 0.751434 0.751432 0.751432 0.751407 0.736974 0.712061 0.712061 0.716419 0.716274
0.546373 0.538752 0.538755 0.531384 0.524084 0.681841 0.688144 0.687984 0.697865 0.701139 0.701139 0.709735 0.720072 0.730369 0.730369 0.730369 0.845321 0.753604 0.885423 0.885316 0.885316 0.885316 0.885403 0.885653 0.913791 0.936267 0.941594 0.946850 0.946850 1.000000 -9999.000000 0.995300 0.953655 0.952470 0.951921 0.949946 0.943751 0.937223 0.940797 0.940701 0.934225 0.927714 0.921269 0.914884 0.830458 0.830458 0.819354 0.824887 0.824887 0.746279 0.741334 0.746279 0.731717 0.706966 0.706966 0.790249 0.795979
0.546373 0.546308 0.538755 0.531332 0.537121 0.537121 0.681556 0.687984 0.687984 0.691230 0.691153 0.803777 0.815473 0.827198 0.827198 0.852951 0.852839 0.875638 0.875638 0.898186 0.898186 0.910832 0.898174 0.898174 0.931041 0.936267 0.941594 0.941594 0.951972 1.000000 -9999.000000 1.000000 0.958159 0.956968 0.956416 0.956029 0.953938 0.947455 0.947371 0.940681 0.944365 0.937751 0.935997 0.936044 0.830458 0.835987 0.824887 0.830397 0.824887 0.741334 0.736251 0.736251 0.741099 0.795244 0.795918 0.801506 0.795979
0.554042 0.553771 0.553771 0.544749 0.544749 0.541152 0.541152 0.779558 0.779636 0.779636 0.790573 0.801622 0.804388 0.827198 0.834930 0.860721 0.860721 0.876103 0.888154 0.888154 0.910832 0.923694 0.910832 0.935915 0.935915 0.936267 0.936417 0.946850 0.946850 0.957047 -9999.000000 -9999.000000 0.962683 0.961487 0.960932 0.960544 0.960179 0.953938 0.947371 0.951086 0.944405 0.942645 0.942645 0.936059 0.847103 0.841240 0.835955 0.835955 0.830397 0.824607 0.818817 0.731131 0.795244 0.800616 0.795918 0.801607 0.807192
0.561814 0.561814 0.561814 0.552693 0.552708 0.549169 0.769574 0.769524 0.791249 0.791324 0.802403 0.813373 0.813490 0.816115 0.827390 0.842521 0.868531 0.876103 0.888154 0.900076 0.911980 0.923694 0.935915 0.948700 0.953879 0.959201 0.959201 0.959871 0.960084 0.962149 1.000000 -9999.000000 0.967229 0.966027 0.965470 0.965079 0.965043 0.964136 0.957734 0.951086 0.955831 0.949267 0.942645 0.852992 0.847034 0.847034 0.841316 0.835955 0.830089 0.818817 0.818817 0.795166 0.800616 0.806077 0.795970 0.801607 0.807192
0.569876 0.569876 0.560667 0.560748 0.560748 0.557204 0.780929 0.780929 0.802984 0.802984 0.814231 0.825391 0.825391 0.827793 0.838940 0.850035 0.868531 0.876231 0.888154 0.888154 0.911057 0.923694 0.927080 0.938915 0.953879 0.959201 0.964495 0.965089 0.965225 0.967153 1.000000 -9999.000000 0.971797 0.970589 0.970029 0.969637 0.969600 0.969097 0.969097 0.962539 0.955831 0.949267 0.858946 0.852913 0.852913 0.847034 0.841316 0.835647 0.829664 0.824117 0.813176 0.789849 0.800509 0.806077 0.811609 0.817982 0.818156
0.578074 0.568595 0.568676 0.568676 0.564908 0.775624 0.780929 0.791806 0.802984 0.814248 0.825868 0.825868 0.827793 0.838940 0.850035 0.861029 0.868531 0.876231 0.876231 0.876144 0.911057 0.911057 0.914783 0.938915 0.951606 0.964495 0.969646 0.969646 0.969783 0.971720 1.000000 -9999.000000 0.976386 0.975172 0.974610 0.974216 0.974179 0.974179 0.969097 0.962555 0.955871 0.864887 0.864887 0.858812 0.852913 0.852738 0.846769 0.840869 0.834837 0.829078 0.789478 0.794915 0.800469 0.806077 0.811609 0.817982 0.823822
0.586221 0.576622 0.576622 0.572755 0.564908 0.786083 0.796170 0.784393 0.802984 0.814248 0.825868 0.828281 0.830529 0.840226 0.850035 0.850035 0.850035 0.839004 0.864252 0.864252 0.864252 0.902149 0.902149 0.938614 0.951606 0.956741 0.969646 0.974696 0.974696 0.976308 1.000000 -9999.000000 0.980996 0.979777 0.979212 0.979151 0.979151 0.974179 0.969063 0.960539 0.864887 0.870893 0.864887 0.864783 0.858700 0.852738 0.846769 0.840773 0.834837 0.869619 0.869631 0.870942 0.800469 0.800469 0.822621 0.817946 0.823822
0.586221 0.584543 0.576622 0.581297 0.583860 0.791313 0.801494 0.800959 0.795394 0.821979 0.833715 0.836131 0.838176 0.840226 0.840226 0.839350 0.839004 0.839004 0.828178 0.817243 0.852550 0.889573 0.925589 0.938614 0.943794 0.943950 0.956741 0.974696 0.979671 0.980919 1.000000 -9999.000000 0.985629 0.984404 0.984251 0.984251 0.979151 0.973949 0.967696 0.960539 0.872824 0.877445 0.870893 0.864783 0.871624 0.877330 0.871127 0.877606 0.875926 0.875926 0.875925 0.877182 0.876664 0.821991 0.821991 0.829219 0.829414
0.586221 0.584570 0.582967 0.581297 0.587760 0.796631 0.806901 0.812243 0.812243 0.806427 0.833571 0.835983 0.838176 0.838176 0.830529 0.829664 0.828346 0.828178 0.817231 0.806257 0.795340 0.912761 0.912367 0.925284 0.938256 0.951180 0.964080 0.976599 0.984634 0.985551 -9999.000000 -9999.000000 0.990283 0.989601 0.989601 0.979151 0.979151 0.973949 0.960539 0.960539 0.879238 0.883814 0.883814 0.877765 0.883551 0.883938 0.883938 0.890539 0.890585 0.882336 0.882314 0.883559 0.883042 0.822179 0.828570 0.829219 0.835045
