ASCII/bv_result_3.txt
ncols         489
nrows         533
xllcorner     593175.11526712
yllcorner     2721796.0885475
cellsize      29.615804956512
NODATA_value  -9999
[rows 450 to 474 of 533, columns 342 to 398 of 489]
0.642203 0.655372 0.589395 0.589395 0.586700 0.827214 0.846416 0.865392 0.884490 0.865392 0.898649 0.913213 0.928238 0.928276 0.926655 0.911456 0.899759 0.914660 0.929337 0.947059 0.931809 0.916484 0.923291 0.639756 0.639756 0.636168 0.636168 0.636168 0.897281 0.903216 0.866697 0.916374 0.916467 0.915019 0.915019 0.876203 0.876203 0.840159 0.739383 0.739383 0.774543 0.774543 0.792652 0.792652 0.803083 0.819942 0.837149 0.854100 0.870285 0.888927 0.907616 0.925384 0.943499 0.961969 0.980800 1.000000 -9999.000000
0.628735 0.602641 0.602641 0.589395 0.566176 0.828481 0.828481 0.865392 0.865392 0.851591 0.883802 0.810998 0.798028 0.785276 0.785276 0.772603 0.899759 0.914660 0.914660 0.931809 0.931809 0.916943 0.685685 0.685685 0.650290 0.650290 0.650290 0.636168 0.877531 0.866697 0.866697 0.878417 0.878258 0.876777 0.876777 0.876597 0.643578 0.670679 0.698749 0.756630 0.756690 0.774810 0.774810 0.775004 0.758010 0.819942 0.819942 0.837149 0.836762 0.855120 0.873098 0.890190 0.907616 0.925384 0.943499 0.961969 0.980800
0.628735 0.615550 0.602641 0.579033 0.579033 0.828481 0.846646 0.828481 0.851591 0.851591 0.824487 0.824487 0.810998 0.798028 0.785276 0.775147 0.696806 0.696806 0.899898 0.708089 0.708110 0.697204 0.697204 0.685685 0.664784 0.664784 0.650290 0.636269 0.626272 0.590043 0.577316 0.553975 0.553975 0.530936 0.481092 0.840514 0.670679 0.698749 0.725693 0.679731 0.709162 0.725695 0.742508 0.758010 0.742508 0.802731 0.819748 0.819748 0.819917 0.836762 0.864159 0.877638 0.894819 0.912336 0.930196 0.948405 0.966971
0.615550 0.615550 0.603731 0.591299 0.579033 0.828481 0.828481 0.828481 0.837789 0.824487 0.837789 0.824487 0.811585 0.800142 0.787658 0.775147 0.696806 0.708213 0.719557 0.719557 0.719557 0.708110 0.697204 0.686327 0.675551 0.664784 0.654466 0.640355 0.603359 0.603359 0.589781 0.577316 0.553975 0.501911 0.481092 0.480678 0.670382 0.698749 0.670382 0.679731 0.709162 0.709162 0.725695 0.742508 0.742508 0.695751 0.695751 0.802999 0.818126 0.845501 0.845501 0.855808 0.874286 0.891400 0.908850 0.926642 0.944782
0.603731 0.603731 0.603731 0.595218 0.586826 0.577580 0.566754 0.798832 0.811672 0.824487 0.824487 0.824487 0.812862 0.801401 0.788838 0.776436 0.696806 0.696806 0.719557 0.730688 0.719557 0.709411 0.698604 0.675551 0.675551 0.664593 0.654115 0.644041 0.616889 0.603146 0.603146 0.577316 0.523314 0.501911 0.501298 0.480678 0.644448 0.670382 0.670382 0.679392 0.692525 0.692525 0.708707 0.668252 0.681985 0.695751 0.709842 0.712791 0.828489 0.831787 0.842047 0.842047 0.861192 0.878050 0.896511 0.915715 0.930038
0.592139 0.595218 0.595218 0.595218 0.585478 0.575973 0.566754 0.761590 0.773924 0.798901 0.811624 0.812862 0.812862 0.801401 0.788962 0.776436 0.754369 0.754369 0.742315 0.730688 0.719639 0.709492 0.698464 0.687013 0.664593 0.654115 0.654115 0.643870 0.630367 0.616889 0.603146 0.577948 0.545280 0.523314 0.501298 0.521189 0.499981 0.618560 0.511229 0.554460 0.567145 0.567152 0.580663 0.597328 0.598090 0.598090 0.709842 0.724407 0.727170 0.727170 0.739115 0.770441 0.782732 0.782732 0.896511 0.877536 0.915715
0.582788 0.585571 0.585460 0.585478 0.575973 0.566754 0.761590 0.773924 0.786313 0.798901 0.798901 0.801401 0.801401 0.801401 0.790101 0.778153 0.766169 0.754369 0.742961 0.732486 0.722158 0.710857 0.695122 0.687013 0.643330 0.629634 0.643870 0.643870 0.630612 0.621720 0.611862 0.591060 0.567972 0.567972 0.544190 0.521189 0.499442 0.511229 0.532322 0.554460 0.567145 0.580338 0.580338 0.590379 0.609423 0.609423 0.709561 0.724273 0.739245 0.739245 0.751274 0.763099 0.782732 0.798054 0.798054 0.781018 0.900702
0.566008 0.705422 0.717006 0.717006 0.739909 0.727855 0.751636 0.775226 0.786313 0.786313 0.786501 0.790101 0.790101 0.790101 0.790101 0.778960 0.767977 0.757149 0.746473 0.735185 0.723757 0.708130 0.692616 0.679467 0.615359 0.603772 0.617530 0.630612 0.630612 0.621720 0.612145 0.602630 0.591060 0.567972 0.544337 0.521432 0.499395 0.511229 0.532322 0.570618 0.580241 0.590330 0.590330 0.600355 0.619581 0.619581 0.617168 0.724273 0.739245 0.751274 0.763099 0.774816 0.786802 0.798054 0.810655 0.798054 0.823554
0.556790 0.705422 0.705422 0.728444 0.739909 0.751636 0.763503 0.775226 0.775226 0.775226 0.774608 0.778065 0.778153 0.778960 0.778960 0.778960 0.767977 0.757149 0.746473 0.734870 0.708130 0.708130 0.692616 0.681239 0.593881 0.603818 0.617530 0.617530 0.621720 0.621720 0.611918 0.591060 0.567972 0.567972 0.544523 0.521432 0.499367 0.472282 0.509863 0.509863 0.580241 0.590330 0.600355 0.610262 0.620094 0.630059 0.630059 0.732859 0.732859 0.751474 0.763099 0.751474 0.787139 0.798396 0.810655 0.823554 0.836846
0.623872 0.634155 0.634155 0.701520 0.711553 0.737071 0.763503 0.763503 0.763503 0.751872 0.762585 0.754049 0.766058 0.767977 0.767977 0.767977 0.767977 0.757149 0.745520 0.733639 0.681221 0.692616 0.681221 0.681239 0.593881 0.603818 0.603818 0.604327 0.611974 0.611918 0.611918 0.545870 0.545870 0.545870 0.523432 0.501331 0.480346 0.492483 0.504901 0.518614 0.580739 0.590685 0.600569 0.610262 0.620094 0.630182 0.640388 0.640388 0.744780 0.756397 0.768011 0.779892 0.791866 0.803191 0.814678 0.826329 0.838147
0.556715 0.634155 0.660437 0.686919 0.711553 0.737071 0.737071 0.752738 0.751872 0.750768 0.750768 0.723204 0.754049 0.757149 0.757149 0.757149 0.757149 0.757149 0.745289 0.733639 0.635842 0.681221 0.681221 0.591097 0.593875 0.581483 0.591015 0.591015 0.602026 0.602020 0.602020 0.602229 0.589000 0.524628 0.503118 0.482195 0.468954 0.488244 0.513483 0.513483 0.527377 0.586100 0.595891 0.596048 0.596048 0.596204 0.640388 0.650639 0.660788 0.670238 0.679823 0.689546 0.699408 0.709410 0.719556 0.729847 0.740285
0.547783 0.634155 0.634155 0.683092 0.711553 0.711553 0.711553 0.726678 0.723177 0.693265 0.720270 0.693591 0.723204 0.726636 0.727271 0.745289 0.745614 0.717498 0.688514 0.661447 0.635842 0.600984 0.600984 0.567402 0.567402 0.568826 0.578035 0.578035 0.565242 0.592177 0.589000 0.589000 0.565246 0.565246 0.503118 0.482195 0.489067 0.509325 0.522225 0.522225 0.536202 0.536202 0.595891 0.605842 0.605842 0.605842 0.625666 0.645392 0.655302 0.664674 0.674180 0.683821 0.694487 0.705692 0.717231 0.728878 0.740369
0.508172 0.487637 0.655594 0.655594 0.683092 0.682899 0.682488 0.696714 0.693265 0.693265 0.664348 0.664102 0.692397 0.696000 0.659969 0.688353 0.717498 0.717498 0.688514 0.635842 0.635842 0.610384 0.600984 0.576859 0.567402 0.558644 0.568826 0.565242 0.565242 0.582495 0.565240 0.564855 0.541900 0.541900 0.482694 0.470210 0.509501 0.531055 0.531055 0.531055 0.544886 0.544886 0.595868 0.605842 0.615482 0.615482 0.635453 0.625666 0.655210 0.664581 0.674085 0.683726 0.694487 0.683726 0.705692 0.728325 0.739925
0.508172 0.487637 0.629588 0.629588 0.605088 0.654400 0.654400 0.667134 0.663768 0.663891 0.663891 0.636351 0.666457 0.632177 0.659969 0.659969 0.688353 0.688514 0.688514 0.610384 0.610384 0.600984 0.600984 0.576859 0.567623 0.558644 0.549902 0.541268 0.532495 0.472290 0.436362 0.418919 0.418361 0.519611 0.470210 0.489957 0.489957 0.531055 0.553462 0.553462 0.553462 0.544886 0.595825 0.605842 0.605842 0.625518 0.635471 0.645302 0.655210 0.664581 0.674085 0.683726 0.683726 0.705127 0.705127 0.726431 0.737884
0.508172 0.487637 0.604641 0.605088 0.579640 0.580199 0.626910 0.639075 0.635729 0.635825 0.636180 0.610487 0.605916 0.632105 0.632105 0.659745 0.659745 0.660036 0.659973 0.659973 0.576084 0.576084 0.576859 0.567623 0.567623 0.558644 0.549902 0.532462 0.491715 0.491715 0.454561 0.436301 0.436301 0.418471 0.470771 0.489957 0.509983 0.531338 0.553462 0.562506 0.553462 0.562506 0.595825 0.595825 0.595964 0.615482 0.625518 0.645094 0.655280 0.665341 0.674856 0.684508 0.694298 0.705127 0.716226 0.727397 0.737800
0.486915 0.467223 0.579192 0.579640 0.554924 0.554924 0.599934 0.611375 0.608145 0.608553 0.585659 0.581225 0.581225 0.605916 0.631996 0.631996 0.632212 0.632613 0.632367 0.632367 0.551568 0.529646 0.552931 0.518849 0.540901 0.549902 0.540901 0.532462 0.512003 0.491715 0.472789 0.454561 0.436301 0.419536 0.452301 0.489957 0.489957 0.530851 0.553638 0.562506 0.571819 0.571819 0.571819 0.571668 0.605322 0.605322 0.634722 0.634722 0.645094 0.675745 0.685409 0.695212 0.705154 0.715239 0.726221 0.732009 0.737800
0.466272 0.466341 0.554300 0.554351 0.530410 0.530317 0.573259 0.584097 0.581006 0.560116 0.560116 0.556900 0.557288 0.605686 0.581049 0.606015 0.606015 0.606563 0.606563 0.581020 0.507001 0.529646 0.529646 0.497595 0.518849 0.540901 0.540901 0.532462 0.512003 0.491795 0.472789 0.454561 0.436976 0.419536 0.470771 0.452301 0.470354 0.530851 0.553638 0.553638 0.562954 0.581210 0.571819 0.581102 0.581102 0.580497 0.580497 0.634769 0.664249 0.674883 0.684535 0.694325 0.704254 0.715068 0.726221 0.715068 0.732009
0.446527 0.446583 0.446583 0.530107 0.530107 0.506982 0.506918 0.547915 0.558261 0.535175 0.532855 0.532855 0.534062 0.580864 0.581049 0.581049 0.581179 0.581587 0.581020 0.581020 0.506955 0.507049 0.476795 0.476795 0.531820 0.531957 0.531957 0.512003 0.512003 0.491795 0.454561 0.436976 0.419536 0.419536 0.452301 0.452301 0.433981 0.530695 0.544416 0.562954 0.572355 0.581210 0.590481 0.590481 0.590481 0.589812 0.580497 0.648443 0.659164 0.669803 0.680451 0.691681 0.703278 0.715068 0.715068 0.726221 0.726221
0.396552 0.379956 0.363836 0.427178 0.506788 0.484966 0.484966 0.485028 0.534649 0.509082 0.509343 0.511008 0.511008 0.556259 0.556378 0.556378 0.556395 0.556750 0.556381 0.556381 0.384269 0.400975 0.468582 0.468582 0.522832 0.519815 0.480933 0.491795 0.491795 0.491795 0.437213 0.437213 0.419886 0.402755 0.433698 0.433698 0.416622 0.509243 0.531110 0.553714 0.562954 0.582155 0.590481 0.598926 0.598926 0.599096 0.599096 0.589580 0.658382 0.669083 0.680451 0.669083 0.691681 0.703278 0.703416 0.720173 0.720253
0.379956 0.363836 0.363836 0.348059 1.000000 1.000000 0.464169 0.443881 0.511399 0.486765 0.488275 0.488640 0.532241 0.532241 0.532432 0.532380 0.532417 0.532900 0.534019 0.368191 0.384453 0.401142 0.407947 0.407947 0.459570 0.470196 0.480933 0.480933 0.480933 0.470768 0.420299 0.419886 0.422265 0.422265 0.359029 0.359029 0.359224 0.509442 0.531110 0.553714 0.572140 0.581412 0.589728 0.598926 0.608294 0.608294 0.617965 0.647929 0.658382 0.658382 0.669083 0.669083 0.654973 0.660549 0.666173 0.666173 0.671804
0.387097 0.363798 0.348059 0.348059 0.333037 1.000000 0.443881 0.443881 0.424674 0.466666 0.486677 0.509110 0.509173 0.509173 0.509436 0.509483 0.509742 0.511825 0.352472 0.368191 0.384453 0.401142 0.407947 0.414838 0.421479 0.421479 0.432548 0.442355 0.470768 0.460703 0.450812 0.431966 0.431966 0.422265 0.396304 0.374561 0.374561 0.359224 0.516830 0.538350 0.569670 0.579015 0.588483 0.598048 0.608294 0.617965 0.627921 0.627921 0.647929 0.637873 0.627334 0.616854 0.654973 0.660549 0.666173 0.671804 0.677408
0.387190 0.370328 0.348228 0.332933 0.318388 0.318387 1.000000 0.424674 0.406842 0.465199 1.000000 1.000000 1.000000 0.282934 0.295577 0.308892 0.322867 0.337320 0.352472 0.368191 0.384510 0.401142 0.408074 0.408074 0.421479 0.438583 0.442355 0.460703 0.460703 0.460703 0.441460 0.441460 0.431966 0.414229 0.405342 0.389814 0.389814 0.374561 0.538350 0.560477 0.569670 0.569670 0.579015 0.588483 0.607992 0.617965 0.617965 0.637873 0.637873 0.637873 0.627411 0.617366 0.654889 0.660549 0.655895 0.666798 0.677408
0.344216 0.329111 0.314954 0.333248 0.318671 0.304720 0.304432 -9999.000000 -9999.000000 -9999.000000 -9999.000000 1.000000 0.270979 0.270979 0.282934 0.295577 0.308892 0.323108 0.338078 0.353325 0.368745 0.384778 0.408074 0.414838 0.408074 0.438583 0.442355 0.442355 0.451146 0.450812 0.450812 0.441460 0.423401 0.423401 0.414229 0.405342 0.389814 0.374725 0.538350 0.538350 0.560313 0.560127 0.569279 0.598109 0.607992 0.607992 0.617979 0.627921 0.628049 0.617972 0.627411 0.617366 0.654889 0.654889 0.655895 0.655464 0.666798
0.344121 0.328998 0.314954 0.301361 0.318671 0.304956 -9999.000000 -9999.000000 -9999.000000 -9999.000000 -9999.000000 -9999.000000 0.259214 0.259142 0.270455 0.282478 0.308755 0.323108 0.337603 0.353091 0.368745 0.384778 0.401501 0.408074 0.401501 0.404428 0.407900 0.424657 0.441685 0.441529 0.441460 0.441460 0.432370 0.423401 0.414682 0.406721 0.392640 0.378062 0.363765 0.349925 0.336468 0.331054 0.588446 0.598109 0.598109 0.608047 0.617979 0.617979 0.617972 0.607908 0.617366 0.617366 0.607260 0.644982 0.644385 0.644385 0.655464
0.344303 0.328998 0.302420 0.289271 0.276912 -9999.000000 -9999.000000 -9999.000000 -9999.000000 -9999.000000 -9999.000000 -9999.000000 -9999.000000 -9999.000000 -9999.000000 0.251961 0.274813 0.274813 0.337603 0.361769 0.377935 0.394697 0.401501 0.401501 0.370925 0.391746 0.407900 0.407928 0.424657 0.433052 0.432984 0.432370 0.432370 0.424069 0.415926 0.407941 0.393818 0.380184 0.367022 0.354316 0.348859 0.579024 0.588446 0.588446 0.598205 0.608047 0.608047 0.607908 0.607908 0.597906 0.607520 0.607520 0.597306 0.634410 0.633593 0.633407 0.633407
