ASCII/bv_result_2.txt
ncols         489
nrows         533
xllcorner     593175.11526712
yllcorner     2721796.0885475
cellsize      29.615804956512
NODATA_value  -9999
[rows 50 to 74 of 533, columns 228 to 284 of 489]
-9999.000000 -9999.000000 -9999.000000 -9999.000000 -9999.000000 -9999.000000 -9999.000000 -9999.000000 -9999.000000 -9999.000000 -9999.000000 -9999.000000 -9999.000000 -9999.000000 -9999.000000 -9999.000000 -9999.000000 -9999.000000 -9999.000000 -9999.000000 -9999.000000 -9999.000000 -9999.000000 -9999.000000 -9999.000000 -9999.000000 -9999.000000 -9999.000000 -9999.000000 0.000191 0.000206 0.000222 0.000240 0.000258 0.000257 0.000192 0.000207 0.000223 0.000240 0.000259 0.000240 0.000222 0.000257 0.000238 0.000221 0.000204 0.000204 0.000189 0.000175 0.000175 0.000175 0.000163 0.000151 0.000140 0.000130 0.000161 0.000150
-9999.000000 -9999.000000 -9999.000000 -9999.000000 -9999.000000 -9999.000000 -9999.000000 -9999.000000 -9999.000000 -9999.000000 -9999.000000 -9999.000000 -9999.000000 -9999.000000 -9999.000000 -9999.000000 -9999.000000 -9999.000000 -9999.000000 -9999.000000 -9999.000000 -9999.000000 -9999.000000 -9999.000000 -9999.000000 -9999.000000 -9999.000000 -9999.000000 -9999.000000 0.000191 0.000206 0.000222 0.000239 0.000239 0.000278 0.000278 0.000279 0.000279 0.000279 0.000279 0.000259 0.000278 0.000257 0.000238 0.000221 0.000220 0.000220 0.000204 0.000189 0.000189 0.000175 0.000163 0.000189 0.000188 0.000174 0.000161 0.000161
-9999.000000 1.000000 1.000000 1.000000 1.000000 -9999.000000 -9999.000000 -9999.000000 -9999.000000 -9999.000000 -9999.000000 -9999.000000 -9999.000000 -9999.000000 -9999.000000 -9999.000000 -9999.000000 -9999.000000 -9999.000000 -9999.000000 -9999.000000 -9999.000000 -9999.000000 -9999.000000 -9999.000000 -9999.000000 -9999.000000 -9999.000000 -9999.000000 0.000191 0.000206 0.000223 0.000239 0.000258 0.000258 0.000300 0.000300 0.000301 0.000301 0.000300 0.000300 0.000298 0.000298 0.000275 0.000275 0.000237 0.000237 0.000220 0.000204 0.000189 0.000175 0.000203 0.000203 0.000188 0.000174 0.000174 0.000162
-9999.000000 -9999.000000 0.001138 0.001057 0.000981 1.000000 -9999.000000 -9999.000000 -9999.000000 -9999.000000 -9999.000000 -9999.000000 -9999.000000 -9999.000000 -9999.000000 -9999.000000 -9999.000000 -9999.000000 -9999.000000 -9999.000000 -9999.000000 -9999.000000 -9999.000000 -9999.000000 -9999.000000 -9999.000000 -9999.000000 -9999.000000 -9999.000000 -9999.000000 0.000206 0.000223 0.000240 0.000258 0.000279 0.000300 0.000324 0.000324 0.000324 0.000324 0.000324 0.000322 0.000298 0.000298 0.000276 0.000256 0.000254 0.000236 0.000238 0.000237 0.000236 0.000219 0.000219 0.000203 0.000188 0.000174 0.000162
0.001324 0.001228 0.001138 0.001055 0.000978 0.000907 -9999.000000 -9999.000000 -9999.000000 -9999.000000 -9999.000000 -9999.000000 -9999.000000 -9999.000000 -9999.000000 -9999.000000 -9999.000000 -9999.000000 -9999.000000 -9999.000000 -9999.000000 -9999.000000 -9999.000000 -9999.000000 -9999.000000 -9999.000000 -9999.000000 -9999.000000 -9999.000000 -9999.000000 0.000207 0.000223 0.000240 0.000259 0.000280 0.000300 0.000324 0.000349 0.000349 0.000349 0.000348 0.000348 0.000322 0.000298 0.000276 0.000274 0.000254 0.000256 0.000256 0.000255 0.000236 0.000236 0.000236 0.000219 0.000254 0.000254 0.000236
0.001325 0.001229 0.001138 1.000000 1.000000 1.000000 -9999.000000 -9999.000000 -9999.000000 -9999.000000 -9999.000000 -9999.000000 -9999.000000 -9999.000000 -9999.000000 -9999.000000 -9999.000000 -9999.000000 -9999.000000 -9999.000000 -9999.000000 -9999.000000 -9999.000000 -9999.000000 -9999.000000 -9999.000000 -9999.000000 -9999.000000 -9999.000000 -9999.000000 -9999.000000 0.000224 0.000241 0.000259 0.000280 0.000301 0.000324 0.000349 0.000375 0.000375 0.000375 0.000348 0.000322 0.000298 0.000296 0.000274 0.000254 0.000275 0.000275 0.000255 0.000255 0.000255 0.000236 0.000219 0.000274 0.000254 0.000273
0.001325 0.001229 0.001139 0.001055 0.000976 0.000905 -9999.000000 -9999.000000 -9999.000000 -9999.000000 -9999.000000 -9999.000000 -9999.000000 -9999.000000 -9999.000000 -9999.000000 -9999.000000 -9999.000000 -9999.000000 -9999.000000 -9999.000000 -9999.000000 -9999.000000 -9999.000000 -9999.000000 -9999.000000 -9999.000000 -9999.000000 -9999.000000 -9999.000000 -9999.000000 0.000224 0.000241 0.000260 0.000280 0.000301 0.000323 0.000348 0.000375 0.000402 0.000401 0.000372 0.000344 0.000319 0.000296 0.000274 0.000296 0.000297 0.000297 0.000275 0.000275 0.000255 0.000295 0.000295 0.000294 0.000295 0.000273
0.001320 0.001229 0.001138 0.001055 0.000976 0.000907 -9999.000000 -9999.000000 -9999.000000 -9999.000000 -9999.000000 -9999.000000 -9999.000000 -9999.000000 -9999.000000 -9999.000000 -9999.000000 -9999.000000 -9999.000000 -9999.000000 -9999.000000 -9999.000000 -9999.000000 -9999.000000 -9999.000000 -9999.000000 -9999.000000 -9999.000000 -9999.000000 -9999.000000 -9999.000000 0.000224 0.000241 0.000259 0.000279 0.000300 0.000323 0.000429 0.000402 0.000433 0.000433 0.000401 0.000400 0.000370 0.000343 0.000393 0.000320 0.000320 0.000320 0.000297 0.000275 0.000319 0.000319 0.000318 0.000318 0.000294 0.000273
0.001314 0.001217 0.001128 0.001055 0.000978 0.003466 0.003344 -9999.000000 -9999.000000 -9999.000000 -9999.000000 -9999.000000 -9999.000000 -9999.000000 -9999.000000 -9999.000000 -9999.000000 -9999.000000 -9999.000000 -9999.000000 -9999.000000 -9999.000000 -9999.000000 -9999.000000 -9999.000000 -9999.000000 -9999.000000 -9999.000000 -9999.000000 -9999.000000 -9999.000000 -9999.000000 0.000394 0.000394 0.000424 0.000458 0.000429 0.000462 0.000462 0.000465 0.000465 0.000432 0.000400 0.000370 0.000424 0.000456 0.000345 0.000345 0.000344 0.000344 0.000344 0.000344 0.000343 0.000343 0.000318 0.000294 0.000220
0.001314 0.001217 0.001128 0.001047 0.003733 0.003470 0.003607 -9999.000000 -9999.000000 -9999.000000 -9999.000000 -9999.000000 -9999.000000 -9999.000000 -9999.000000 -9999.000000 -9999.000000 -9999.000000 -9999.000000 -9999.000000 -9999.000000 -9999.000000 -9999.000000 -9999.000000 -9999.000000 -9999.000000 -9999.000000 -9999.000000 -9999.000000 -9999.000000 -9999.000000 -9999.000000 0.000527 0.000424 0.000457 0.000457 0.000494 0.000462 0.000498 0.000499 0.000465 0.000433 0.000401 0.000458 0.000491 0.000456 0.000371 0.000371 0.000371 0.000371 0.000371 0.000370 0.000370 0.000343 0.000318 0.000238 0.000237
0.001309 0.004052 0.004043 0.004029 0.004029 0.003742 0.003890 0.003897 -9999.000000 -9999.000000 -9999.000000 -9999.000000 -9999.000000 -9999.000000 -9999.000000 -9999.000000 -9999.000000 -9999.000000 -9999.000000 -9999.000000 -9999.000000 -9999.000000 -9999.000000 -9999.000000 -9999.000000 -9999.000000 -9999.000000 -9999.000000 -9999.000000 -9999.000000 -9999.000000 -9999.000000 0.000568 0.000568 0.000568 0.000493 0.000494 0.000532 0.000534 0.000534 0.000533 0.000533 0.000494 0.000530 0.000492 0.000426 0.000426 0.000400 0.000400 0.000401 0.000400 0.000400 0.000370 0.000343 0.000257 0.000257 0.000256
0.004376 0.004364 0.004364 0.004352 0.004029 0.004033 0.004189 0.004189 0.004192 -9999.000000 -9999.000000 -9999.000000 -9999.000000 -9999.000000 -9999.000000 -9999.000000 -9999.000000 -9999.000000 -9999.000000 -9999.000000 -9999.000000 -9999.000000 -9999.000000 -9999.000000 -9999.000000 -9999.000000 -9999.000000 -9999.000000 -9999.000000 -9999.000000 -9999.000000 -9999.000000 -9999.000000 0.000613 0.000613 0.000613 0.000532 0.000572 0.000573 0.000573 0.000573 0.000573 0.000572 0.000531 0.000492 0.000460 0.000460 0.000429 0.000431 0.000431 0.000431 0.000400 0.000370 0.000321 0.000277 0.000277 0.000257
0.004717 0.004717 0.004698 0.004700 0.004348 0.004510 0.004510 0.004512 0.004020 -9999.000000 -9999.000000 -9999.000000 -9999.000000 -9999.000000 -9999.000000 -9999.000000 -9999.000000 -9999.000000 -9999.000000 -9999.000000 -9999.000000 -9999.000000 -9999.000000 -9999.000000 -9999.000000 -9999.000000 -9999.000000 -9999.000000 -9999.000000 -9999.000000 -9999.000000 -9999.000000 -9999.000000 0.000654 0.000661 0.000662 0.000662 0.000615 0.000615 0.000616 0.000616 0.000616 0.000572 0.000531 0.000496 0.000496 0.000496 0.000462 0.000464 0.000464 0.000431 0.000399 0.000346 0.000322 0.000299 0.000278 0.000257
0.005099 0.005083 0.005083 0.004697 0.004701 0.004862 0.004862 0.004333 0.004334 0.001084 -9999.000000 -9999.000000 -9999.000000 -9999.000000 -9999.000000 -9999.000000 -9999.000000 -9999.000000 -9999.000000 -9999.000000 -9999.000000 -9999.000000 -9999.000000 -9999.000000 -9999.000000 -9999.000000 -9999.000000 -9999.000000 -9999.000000 -9999.000000 -9999.000000 -9999.000000 0.000665 0.000664 0.000705 0.000713 0.000713 0.000713 0.000662 0.000663 0.000663 0.000615 0.000575 0.000575 0.000536 0.000536 0.000499 0.000499 0.000499 0.000463 0.000431 0.000373 0.000347 0.000322 0.000299 0.000278 0.000257
0.005502 0.005494 0.005083 0.005085 0.005252 0.005252 0.004678 0.004678 0.004335 0.004023 0.001169 -9999.000000 -9999.000000 -9999.000000 -9999.000000 -9999.000000 -9999.000000 -9999.000000 -9999.000000 -9999.000000 -9999.000000 -9999.000000 -9999.000000 -9999.000000 -9999.000000 -9999.000000 -9999.000000 -9999.000000 -9999.000000 -9999.000000 -9999.000000 -9999.000000 0.000718 0.000718 0.000762 0.000770 0.000770 0.000770 0.000715 0.000715 0.000663 0.000715 0.000621 0.000620 0.000579 0.000579 0.000539 0.000539 0.000499 0.000464 0.000402 0.000373 0.000347 0.000322 0.000299 0.000278 0.000257
0.005920 0.005920 0.005494 0.006121 0.005675 0.005052 0.005052 0.004680 0.004343 0.003907 0.001264 0.001261 -9999.000000 -9999.000000 -9999.000000 -9999.000000 -9999.000000 -9999.000000 -9999.000000 -9999.000000 -9999.000000 -9999.000000 -9999.000000 -9999.000000 -9999.000000 -9999.000000 -9999.000000 -9999.000000 -9999.000000 -9999.000000 -9999.000000 -9999.000000 0.000775 0.000775 0.000823 0.000823 0.000832 0.000832 0.000772 0.000772 0.000715 0.000770 0.000669 0.000669 0.000624 0.000624 0.000581 0.000539 0.000500 0.000433 0.000433 0.000402 0.000373 0.000346 0.000322 0.000298 0.000276
0.006351 0.006351 0.006351 0.006121 0.006327 0.005451 0.005052 0.005046 0.004682 0.004208 0.001262 0.001365 0.001365 -9999.000000 -9999.000000 -9999.000000 -9999.000000 -9999.000000 -9999.000000 -9999.000000 -9999.000000 -9999.000000 -9999.000000 -9999.000000 -9999.000000 -9999.000000 -9999.000000 -9999.000000 -9999.000000 -9999.000000 -9999.000000 -9999.000000 0.000835 0.000835 0.000823 0.000887 0.000887 0.000896 0.000832 0.000772 0.000830 0.000771 0.000718 0.000718 0.000669 0.000624 0.000581 0.000539 0.000467 0.000467 0.000433 0.000402 0.000373 0.000346 0.000321 0.000298 0.000277
0.006351 0.006575 0.006351 0.006564 0.005876 0.005876 0.005444 0.005046 0.004530 0.004198 0.001262 0.001365 0.001477 0.001477 -9999.000000 -9999.000000 -9999.000000 -9999.000000 -9999.000000 -9999.000000 -9999.000000 -9999.000000 -9999.000000 -9999.000000 -9999.000000 -9999.000000 -9999.000000 -9999.000000 -9999.000000 -9999.000000 -9999.000000 0.000900 0.000900 0.000979 0.000823 0.000887 0.000954 0.000960 0.000960 0.000895 0.000830 0.000771 0.000771 0.000718 0.000670 0.000624 0.000581 0.000540 0.000503 0.000467 0.000433 0.000402 0.000373 0.000346 0.000320 0.000297 0.000276
0.007034 0.006803 0.006803 0.006564 0.006097 0.005876 0.004882 0.004882 0.004522 0.004526 0.001464 0.001468 0.001588 0.001593 -9999.000000 -9999.000000 -9999.000000 -9999.000000 -9999.000000 -9999.000000 -9999.000000 -9999.000000 -9999.000000 -9999.000000 -9999.000000 -9999.000000 -9999.000000 -9999.000000 -9999.000000 1.000000 0.001048 0.000972 0.001057 0.001055 0.001055 0.000954 0.001023 0.001023 0.000960 0.000895 0.000830 0.000828 0.000771 0.000718 0.000668 0.000621 0.000581 0.000541 0.000503 0.000467 0.000433 0.000402 0.000373 0.000346 0.000320 0.000297 0.000276
0.007310 0.007053 0.006804 0.006804 0.006566 0.005271 0.005271 0.004875 0.004877 0.004526 0.001464 0.001585 0.001713 0.001713 0.001716 -9999.000000 -9999.000000 -9999.000000 -9999.000000 -9999.000000 -9999.000000 -9999.000000 -9999.000000 -9999.000000 -9999.000000 -9999.000000 -9999.000000 -9999.000000 0.001048 0.001087 0.001087 0.001139 0.001139 0.001136 0.001137 0.001056 0.001095 0.001025 0.000957 0.000891 0.000891 0.000828 0.000771 0.000718 0.000668 0.000621 0.000576 0.000541 0.000502 0.000467 0.000433 0.000402 0.000373 0.000346 0.000320 0.000297 0.000276
0.007577 0.007310 0.007053 0.006804 0.006566 0.005684 0.005267 0.005267 0.004878 0.001817 0.001817 0.001711 0.001713 0.001849 0.001849 0.001851 0.001851 -9999.000000 -9999.000000 -9999.000000 -9999.000000 -9999.000000 -9999.000000 -9999.000000 -9999.000000 -9999.000000 -9999.000000 -9999.000000 0.001126 0.001169 0.001169 0.001227 0.001225 0.001225 0.001137 0.001177 0.001177 0.001095 0.001025 0.000957 0.000891 0.000827 0.000769 0.000715 0.000665 0.000620 0.000576 0.000502 0.000502 0.000465 0.000433 0.000402 0.000373 0.000346 0.000320 0.000297 0.000276
0.007334 0.007334 0.007076 0.007077 0.006572 0.006109 0.005684 0.005267 0.004878 0.001817 0.001966 0.001966 0.001849 0.001993 0.001993 0.001993 0.001993 0.001991 -9999.000000 -9999.000000 -9999.000000 -9999.000000 -9999.000000 -9999.000000 -9999.000000 -9999.000000 0.001213 0.001168 0.001126 0.001169 0.001258 0.001320 0.001320 0.001225 0.001267 0.001267 0.001176 0.001213 0.001131 0.000957 0.000891 0.000827 0.000770 0.000715 0.000664 0.000617 0.000576 0.000534 0.000465 0.000464 0.000401 0.000401 0.000372 0.000346 0.000297 0.000297 0.000275
0.007612 0.007344 0.007344 0.007081 0.006570 0.006111 0.005694 0.005284 0.001808 0.001817 0.001966 0.002124 0.001849 0.001993 0.002146 0.002146 0.002146 0.001993 0.001723 0.000778 0.000839 0.000906 0.000976 0.001049 0.001128 0.001169 0.001213 0.001258 0.001212 0.001258 0.001355 0.001367 0.001365 0.001365 0.001364 0.001267 0.001307 0.001212 0.001131 0.000891 0.000891 0.000827 0.000770 0.000715 0.000664 0.000617 0.000572 0.000534 0.000495 0.000458 0.000431 0.000372 0.000372 0.000345 0.000321 0.000297 0.000275
0.007885 0.007612 0.007344 0.007081 0.006581 0.006111 0.005675 0.005284 0.001950 0.002104 0.002124 0.002292 0.002292 0.002301 0.002301 0.002308 0.002146 0.001993 0.001851 0.000778 0.000839 0.000906 0.000976 0.001051 0.001130 0.001169 0.001213 0.001258 0.001305 0.001355 0.001405 0.001415 0.001415 0.001415 0.001365 0.001409 0.001307 0.001212 0.001124 0.000827 0.000827 0.000770 0.000770 0.000714 0.000663 0.000572 0.000531 0.000495 0.000495 0.000458 0.000425 0.000395 0.000346 0.000321 0.000321 0.000297 0.000275
0.007886 0.007612 0.007344 0.007088 0.006581 0.006108 0.005675 0.001838 0.002107 0.002104 0.002272 0.002453 0.002473 0.002473 0.002478 0.002478 0.002478 0.002472 0.002305 0.000680 0.000840 0.000906 0.000976 0.001051 0.001130 0.001170 0.001213 0.001258 0.001305 0.001354 0.001405 0.001455 0.001465 0.001415 0.001462 0.001409 0.001305 0.001212 0.001124 0.001044 0.000768 0.000715 0.000714 0.000714 0.000662 0.000531 0.000531 0.000493 0.000457 0.000423 0.000425 0.000395 0.000367 0.000321 0.000298 0.000276 0.000255
