ASCII/bv_result_3.txt
ncols         489
nrows         533
xllcorner     593175.11526712
yllcorner     2721796.0885475
cellsize      29.615804956512
NODATA_value  -9999
[rows 300 to 324 of 533, columns 171 to 227 of 489]
0.005374 0.005614 0.005865 0.006128 0.006407 0.006702 0.006710 0.007026 0.007026 0.007018 0.007018 0.006697 0.006704 0.006139 0.007577 0.006476 0.006476 0.007358 0.008034 0.007688 0.008033 0.008066 0.008066 0.008046 0.008042 0.008042 0.008042 0.008037 0.008021 0.007671 0.007339 0.007017 0.007651 0.007311 0.008229 0.007879 0.007545 0.008229 0.007234 0.120365 0.125687 0.131310 0.137218 0.143315 0.149574 0.156060 0.163212 0.170802 0.178685 0.186943 0.195538 0.204650 0.214255 0.223774 0.234248 0.234248 0.255405
0.005374 0.005614 0.005865 0.006128 0.006408 0.006706 0.007019 0.007350 0.007350 0.007351 0.007018 0.007022 0.007019 0.006420 0.007925 0.007929 0.006774 0.007696 0.008039 0.008401 0.008406 0.008406 0.008438 0.008413 0.008412 0.008412 0.008412 0.008399 0.008394 0.008385 0.008012 0.008008 0.007655 0.008615 0.008617 0.008236 0.008612 0.008612 0.007525 0.007548 0.125687 0.131310 0.137218 0.143123 0.149574 0.156320 0.163328 0.170853 0.178674 0.186875 0.195549 0.204558 0.213557 0.223602 0.223730 0.244325 0.244325
0.004616 0.004616 0.005863 0.006128 0.006408 0.006706 0.007021 0.007350 0.007681 0.007681 0.007351 0.007349 0.006719 0.006719 0.008285 0.008285 0.007074 0.007696 0.008040 0.008408 0.008792 0.008792 0.008790 0.008818 0.008797 0.008797 0.008789 0.008789 0.008781 0.008388 0.008380 0.008012 0.007657 0.009024 0.009024 0.008622 0.009018 0.007880 0.007880 0.007882 0.005074 0.005285 0.005523 0.005771 0.006034 0.006308 0.179137 0.187163 0.195521 0.204316 0.213759 0.223620 0.233449 0.213583 0.233243 0.233359 0.244341
0.004819 0.004824 0.006670 0.006970 0.007289 0.007629 0.007987 0.007660 0.008003 0.008003 0.007681 0.007349 0.007026 0.006719 0.008650 0.007079 0.007383 0.007383 0.008040 0.008408 0.008792 0.009186 0.009189 0.009189 0.009217 0.009191 0.009191 0.009191 0.008781 0.008772 0.008382 0.008374 0.008012 0.009445 0.009024 0.009432 0.008254 0.008252 0.008252 0.007547 0.008237 0.005302 0.005523 0.005771 0.006033 0.006308 0.006592 0.187163 0.195492 0.204417 0.213759 0.223620 0.233770 0.243886 0.223277 0.233359 0.254140
0.005033 0.005033 0.006676 0.006970 0.007285 0.007628 0.007987 0.008359 0.008359 0.008368 0.008707 0.008690 0.009067 0.009057 0.009040 0.009040 0.007383 0.007700 0.008039 0.008406 0.008790 0.008790 0.009603 0.009603 0.009623 0.009191 0.009600 0.009191 0.009180 0.008772 0.008759 0.008378 0.009875 0.009869 0.009869 0.009438 0.008628 0.008631 0.008252 0.007895 0.008611 0.007894 0.005531 0.005771 0.006024 0.006301 0.006592 0.006886 0.195636 0.204417 0.213862 0.223612 0.233583 0.244126 0.254798 0.265234 0.254140
0.005251 0.005253 0.005237 0.006974 0.007287 0.007627 0.007986 0.008359 0.008735 0.008735 0.009099 0.009091 0.009492 0.009485 0.009468 0.009468 0.009467 0.009436 0.009133 0.008402 0.008790 0.009194 0.009603 0.010016 0.010023 0.009600 0.010013 0.009600 0.009582 0.009166 0.008767 0.010332 0.010328 0.010328 0.009876 0.009027 0.009027 0.008258 0.008258 0.009005 0.008252 0.008252 0.007894 0.005764 0.006021 0.006301 0.006591 0.006888 0.007196 0.204580 0.213979 0.223660 0.233815 0.244126 0.255068 0.266101 0.276911
0.005489 0.005491 0.005475 0.005475 0.007293 0.007627 0.008325 0.008717 0.009121 0.009121 0.009507 0.009507 0.009932 0.009930 0.009917 0.009917 0.009916 0.009871 0.009871 0.009553 0.009998 0.009998 0.010440 0.010440 0.010437 0.010437 0.010437 0.010013 0.009582 0.009166 0.010813 0.010813 0.010813 0.010340 0.009884 0.009447 0.009034 0.008640 0.009420 0.008629 0.008629 0.008252 0.007901 0.005760 0.006021 0.006296 0.006591 0.006888 0.007196 0.007523 0.007868 0.008226 0.233815 0.244328 0.255068 0.266101 0.277408
0.005741 0.005744 0.005725 0.005723 0.005725 0.007966 0.008325 0.008709 0.009121 0.009532 0.009532 0.009940 0.010393 0.010393 0.010383 0.010383 0.010380 0.010333 0.010339 0.009194 0.009998 0.010448 0.010906 0.010898 0.010898 0.010896 0.010896 0.011335 0.011333 0.011300 0.011301 0.011301 0.010813 0.010340 0.009884 0.009447 0.009034 0.009848 0.009424 0.009022 0.008629 0.008262 0.007902 0.005758 0.006011 0.006289 0.006585 0.006882 0.007193 0.007525 0.007868 0.008226 0.008597 0.008978 0.255185 0.266101 0.278067
0.006005 0.006005 0.005983 0.005978 0.005976 0.005977 0.008317 0.008680 0.009095 0.009519 0.009959 0.009940 0.010393 0.010867 0.010867 0.010867 0.010381 0.010811 0.010819 0.010371 0.009609 0.010445 0.010909 0.011392 0.011388 0.011388 0.011849 0.011849 0.011847 0.011819 0.011819 0.011819 0.011776 0.010790 0.010782 0.010782 0.010294 0.009848 0.009424 0.009022 0.008636 0.008262 0.007902 0.005760 0.006018 0.006292 0.006586 0.006882 0.007193 0.007518 0.007859 0.008214 0.008587 0.008972 0.009373 0.009373 0.009373
0.006276 0.006272 0.006252 0.006251 0.006251 0.006248 0.006248 0.008680 0.009086 0.009519 0.009956 0.010408 0.010408 0.010867 0.011356 0.010867 0.011316 0.011303 0.011303 0.010820 0.010016 0.010445 0.010909 0.011394 0.011899 0.011899 0.012388 0.012388 0.012358 0.012359 0.012359 0.011826 0.012317 0.011292 0.011292 0.010782 0.010305 0.009838 0.009423 0.009018 0.008633 0.008261 0.007904 0.005760 0.006018 0.006297 0.006586 0.006882 0.007493 0.007837 0.008197 0.008573 0.008965 0.009370 0.009370 0.009781 0.009781
0.006556 0.006556 0.006550 0.006541 0.006541 0.006537 0.006537 0.006533 0.009078 0.009512 0.009956 0.010408 0.010862 0.011356 0.011832 0.011832 0.011813 0.011813 0.011303 0.012255 0.012262 0.010442 0.010908 0.011394 0.011899 0.012417 0.012937 0.012937 0.012925 0.012925 0.012365 0.012877 0.012323 0.011799 0.011292 0.010793 0.010305 0.009860 0.009417 0.009016 0.012601 0.012056 0.011513 0.008771 0.008767 0.006305 0.006589 0.007165 0.007489 0.007837 0.008197 0.008573 0.008969 0.009374 0.009790 0.009790 0.010222
0.006854 0.006854 0.006852 0.006849 0.006838 0.006836 0.006836 0.006836 0.009082 0.009512 0.010384 0.010862 0.011344 0.011845 0.011845 0.012348 0.012348 0.011813 0.012809 0.012807 0.012784 0.010445 0.010912 0.011397 0.011900 0.012417 0.012937 0.013505 0.013505 0.012925 0.013462 0.012884 0.012326 0.011796 0.011292 0.010803 0.010326 0.009860 0.009434 0.013182 0.013182 0.012041 0.012044 0.008405 0.009168 0.009168 0.009168 0.008130 0.008504 0.008901 0.009315 0.009315 0.008969 0.009374 0.009790 0.010222 0.010667
0.006859 0.007164 0.007165 0.007165 0.007150 0.007150 0.007150 0.007763 0.007758 0.009929 0.010384 0.010862 0.011344 0.011845 0.012348 0.012837 0.013393 0.013393 0.013393 0.013364 0.013334 0.013299 0.012338 0.012338 0.011900 0.012932 0.013484 0.014053 0.014053 0.014053 0.013462 0.012884 0.012326 0.011796 0.011287 0.010798 0.010333 0.009876 0.013205 0.013793 0.012604 0.012604 0.012041 0.008777 0.009166 0.009592 0.009592 0.010029 0.008508 0.008898 0.009315 0.009749 0.009749 0.010637 0.011113 0.011117 0.011117
0.006802 0.007167 0.007486 0.007486 0.007471 0.007471 0.008116 0.008109 0.008098 0.008121 0.010395 0.010855 0.011344 0.011845 0.011845 0.012348 0.013393 0.013974 0.013974 0.013949 0.013909 0.013903 0.012885 0.012885 0.013440 0.012932 0.013484 0.014053 0.014636 0.014053 0.013467 0.012892 0.012337 0.011808 0.011298 0.014446 0.014446 0.013815 0.014430 0.013190 0.013190 0.012604 0.013119 0.008778 0.009176 0.009592 0.010035 0.010492 0.008896 0.008896 0.009314 0.009749 0.010187 0.010636 0.011115 0.011608 0.011608
0.007409 0.007109 0.007486 0.007814 0.007810 0.007806 0.008489 0.008489 0.008480 0.008869 0.008490 0.008490 0.010866 0.011345 0.011345 0.012837 0.013393 0.013974 0.014587 0.014587 0.014552 0.014542 0.014542 0.013440 0.013995 0.014597 0.015221 0.015221 0.015235 0.014636 0.014027 0.013431 0.015150 0.015180 0.014526 0.015102 0.014446 0.015092 0.013797 0.013797 0.013187 0.013733 0.013123 0.013113 0.009176 0.009592 0.010035 0.010492 0.010966 0.009294 0.009703 0.010154 0.010617 0.010636 0.011115 0.011608 0.012116
0.007425 0.007425 0.007482 0.007814 0.008159 0.008163 0.008163 0.008878 0.008869 0.009271 0.008869 0.009263 0.009263 0.010866 0.010858 0.012811 0.013953 0.014589 0.015233 0.015233 0.015215 0.015215 0.015215 0.015851 0.015839 0.014597 0.015221 0.015854 0.015845 0.015235 0.015832 0.015832 0.015868 0.015785 0.015785 0.015781 0.015782 0.015786 0.014433 0.013797 0.014367 0.013733 0.014339 0.013705 0.015407 0.009599 0.010466 0.010949 0.011449 0.011449 0.009703 0.010151 0.010617 0.011087 0.011582 0.012099 0.012627
0.007747 0.007425 0.008562 0.007817 0.008167 0.008530 0.008530 0.009269 0.009666 0.009666 0.009666 0.009666 0.009263 0.009249 0.012808 0.013347 0.013953 0.014569 0.015233 0.015904 0.015904 0.015913 0.016590 0.016574 0.016574 0.016567 0.016567 0.016525 0.016525 0.016533 0.016533 0.016581 0.016556 0.016508 0.016508 0.016505 0.016506 0.015095 0.015095 0.015033 0.014367 0.015003 0.014343 0.014343 0.016105 0.016108 0.016108 0.010946 0.011449 0.011963 0.009734 0.010158 0.010617 0.011087 0.011564 0.012085 0.012627
0.007747 0.008206 0.008562 0.008949 0.008167 0.008530 0.008899 0.009277 0.009666 0.010079 0.010079 0.010079 0.009660 0.009249 0.009711 0.012808 0.013920 0.014565 0.015233 0.015904 0.016614 0.016614 0.017349 0.017349 0.017333 0.017333 0.017288 0.017251 0.017264 0.017264 0.017319 0.017305 0.017294 0.017271 0.017271 0.017267 0.016519 0.015793 0.015740 0.015740 0.015705 0.015015 0.015015 0.017591 0.016848 0.016849 0.016849 0.011422 0.011439 0.011961 0.012503 0.010175 0.010614 0.011062 0.011564 0.013705 0.012622
0.008530 0.008530 0.008569 0.008949 0.009337 0.009737 0.010152 0.009277 0.009666 0.010079 0.010501 0.010079 0.010595 0.010146 0.009711 0.013331 0.013923 0.014565 0.014565 0.015904 0.016614 0.017352 0.017349 0.018136 0.018136 0.018136 0.018086 0.018043 0.018043 0.017979 0.018095 0.018096 0.018096 0.018077 0.018077 0.017275 0.017275 0.016507 0.016471 0.016449 0.016449 0.015710 0.018408 0.017612 0.017625 0.017623 0.017618 0.017618 0.011940 0.012487 0.012503 0.013055 0.013624 0.013636 0.014260 0.014267 0.014328
0.008818 0.008814 0.009397 0.009693 0.009599 0.009925 0.010251 0.010593 0.010593 0.010501 0.010950 0.011055 0.011055 0.010585 0.010236 0.014814 0.013927 0.014563 0.015220 0.015888 0.016614 0.017352 0.018127 0.018127 0.018936 0.018907 0.018907 0.018857 0.018794 0.018803 0.018917 0.018917 0.018928 0.018912 0.018912 0.018087 0.017275 0.017212 0.017222 0.017222 0.016449 0.019245 0.018408 0.018464 0.018425 0.018425 0.018415 0.018415 0.011957 0.012487 0.013049 0.013045 0.013629 0.014243 0.014263 0.014916 0.014916
0.009110 0.009713 0.009712 0.009716 0.010020 0.010020 0.010359 0.010703 0.011057 0.011057 0.011423 0.011423 0.011055 0.010691 0.013795 0.013801 0.015321 0.015323 0.015884 0.015884 0.016592 0.017334 0.018127 0.018925 0.019767 0.019767 0.019750 0.019730 0.019663 0.019663 0.018842 0.019765 0.019765 0.019765 0.018912 0.018848 0.018006 0.018006 0.018004 0.021095 0.020153 0.020121 0.020109 0.019272 0.019252 0.019252 0.019244 0.019248 0.018463 0.012496 0.013048 0.013632 0.013629 0.014245 0.014893 0.014916 0.015589
0.009724 0.010052 0.010051 0.010051 0.010350 0.010356 0.010366 0.010703 0.011057 0.011423 0.011797 0.011423 0.011782 0.012796 0.014266 0.014281 0.014281 0.015855 0.015855 0.016593 0.016593 0.017334 0.018855 0.019712 0.019767 0.020658 0.020658 0.020645 0.020576 0.020576 0.019669 0.020577 0.020602 0.019700 0.019700 0.018848 0.018829 0.018829 0.022058 0.022058 0.021072 0.021050 0.020104 0.020961 0.020133 0.020119 0.020119 0.020131 0.020142 0.019300 0.013059 0.013632 0.014232 0.014245 0.014893 0.015571 0.016290
0.010059 0.010401 0.010401 0.010401 0.010708 0.010708 0.010708 0.012044 0.011798 0.012187 0.012183 0.012183 0.013239 0.013374 0.014045 0.014764 0.014776 0.015855 0.016390 0.016934 0.017318 0.018046 0.018847 0.019712 0.020598 0.020658 0.021572 0.021572 0.021522 0.020576 0.021473 0.021482 0.021491 0.020559 0.020559 0.020550 0.019674 0.023095 0.023079 0.023079 0.022043 0.021050 0.021932 0.022872 0.021047 0.021050 0.021050 0.021064 0.021072 0.020181 0.020181 0.013636 0.014235 0.014871 0.015536 0.016253 0.016290
0.010408 0.010401 0.010756 0.010756 0.011074 0.011074 0.011074 0.012051 0.012448 0.012455 0.012598 0.012598 0.013700 0.013841 0.014535 0.015274 0.015280 0.015412 0.019224 0.019217 0.017498 0.018084 0.018859 0.019712 0.020598 0.021514 0.022522 0.022522 0.022496 0.022466 0.022466 0.022463 0.022436 0.021478 0.021478 0.020559 0.024135 0.024141 0.024141 0.023079 0.024043 0.022963 0.023944 0.023949 0.023960 0.022028 0.022028 0.022036 0.022036 0.021093 0.021600 0.021590 0.014237 0.014877 0.015545 0.016253 0.017003
0.010408 0.010756 0.011098 0.011578 0.011445 0.011445 0.012478 0.012467 0.013015 0.013013 0.013020 0.013029 0.014171 0.014319 0.015035 0.015796 0.015801 0.015936 0.019870 0.019852 0.019862 0.018084 0.018879 0.019712 0.020598 0.021514 0.022497 0.023524 0.023505 0.023505 0.023505 0.023487 0.023452 0.022450 0.022450 0.021489 0.025228 0.025228 0.025172 0.025159 0.024043 0.025118 0.025076 0.025082 0.025082 0.025092 0.023025 0.023025 0.022036 0.021127 0.022546 0.022534 0.014244 0.014877 0.015553 0.016260 0.017004
