ASCII/bv_result_1.txt
ncols         489
nrows         533
xllcorner     593175.11526712
yllcorner     2721796.0885475
cellsize      29.615804956512
NODATA_value  -9999
[rows 92 to 114 of 533, columns 51 to 101 of 489]
-9999.000000 -9999.000000 -9999.000000 -9999.000000 -9999.000000 -9999.000000 -9999.000000 -9999.000000 -9999.000000 -9999.000000 -9999.000000 -9999.000000 1928266318.073874 1387918725.856152 1015832428.151855 714383705.174133 714383705.174133 386470187.261935 386470187.261935 232039743.014702 174457080.467449 112739095.401561 75180074.129770 49329846.554555 30227359.580040 17545261.422972 17178327.686490 7957928.125077 21931457.555893 14074322.213497 14074322.213497 7095142.425617 4141640.788448 2393312.850233 1551444.364542 1123615.900104 866200.008979 676201.036719 590409.411002 464734.997037 464734.997037 483749.707222 483749.707222 171986.833366 136172.000147 101430.302452 64745.703220 40693.776242 40693.776242 29527.291395 23936.471735
-9999.000000 -9999.000000 -9999.000000 -9999.000000 -9999.000000 -9999.000000 -9999.000000 -9999.000000 -9999.000000 -9999.000000 -9999.000000 -9999.000000 1.000000 1387918725.856152 1015832428.151855 714383705.174133 492285749.192088 354462214.385431 265844324.737714 201538636.250459 159695817.377214 108733952.265384 75180074.129770 52584592.771176 30151343.642064 17176942.386504 11229198.271221 11229198.271221 5454834.252780 14719873.800844 10438210.140580 7095142.425617 4024622.095686 2310553.563535 1551444.364542 1123615.900104 866200.008979 590409.411002 433737.946130 464734.997037 320946.146363 320946.146363 416195.356885 416195.356885 105101.653029 101430.302452 64745.703220 40693.776242 29527.291395 27882.963272 23936.471735
-9999.000000 -9999.000000 -9999.000000 -9999.000000 -9999.000000 -9999.000000 -9999.000000 -9999.000000 -9999.000000 -9999.000000 -9999.000000 -9999.000000 -9999.000000 1315474935.150734 1015832428.151855 710960275.118783 492285749.192088 354462214.385431 265844324.737714 201538636.250459 163627201.558008 121857787.744971 84001714.047942 56559113.666733 30234537.997938 17176942.386504 11229198.271221 7862681.743293 5325170.149330 3963235.527469 4251277.642673 2434791.449570 1360576.001153 796453.758063 552759.178785 1137943.267035 847728.635600 590409.411002 433737.946130 305945.319091 305945.319091 233931.699200 282237.419783 310425.759980 310425.759980 72988.269800 55963.143797 37241.189678 29527.291395 29527.291395 27882.963272
-9999.000000 -9999.000000 -9999.000000 -9999.000000 -9999.000000 -9999.000000 -9999.000000 -9999.000000 -9999.000000 -9999.000000 -9999.000000 -9999.000000 -9999.000000 -9999.000000 985491687.710590 727704734.371630 490354896.067280 346261078.207084 265844324.737714 201538636.250459 163627201.558008 121857787.744971 88405237.597310 56559113.666733 31946324.407084 18015038.581591 11573446.524855 8021231.357632 5487940.124939 3497082.876095 2421272.459940 2434791.449570 1412706.407703 788628.032267 552759.178785 427159.929772 676127.647197 676127.647197 455434.013866 305945.319091 233931.699200 197070.981694 202868.096161 202868.096161 208905.551935 194496.392721 50879.464798 37241.189678 37241.189678 21272.283776 20115.639995
-9999.000000 -9999.000000 -9999.000000 -9999.000000 -9999.000000 -9999.000000 -9999.000000 -9999.000000 -9999.000000 -9999.000000 -9999.000000 -9999.000000 -9999.000000 -9999.000000 -9999.000000 727704734.371630 495345085.540851 346261078.207084 260141791.202320 191567939.602582 151124761.839341 127871989.054091 89184483.871436 56559113.666733 32947577.644909 18359078.016435 11573446.524855 8021231.357632 5487940.124939 3472112.548660 2063015.852168 1412706.407703 898911.008066 640923.245395 454809.321031 454809.321031 335798.329518 642593.755704 455434.013866 305945.319091 183170.423022 186923.140420 135868.834653 135868.834653 137248.383446 134513.204200 134513.204200 45849.269272 25389.082230 21388.513727 20115.639995
-9999.000000 -9999.000000 -9999.000000 -9999.000000 -9999.000000 -9999.000000 -9999.000000 -9999.000000 -9999.000000 -9999.000000 -9999.000000 -9999.000000 -9999.000000 -9999.000000 -9999.000000 750757065.571942 494165492.862313 337926889.554062 260141791.202320 191567939.602582 174571370.614707 126424508.288307 99567536.262469 63602803.261881 35760175.935706 19806703.432074 12331569.880458 8517432.133916 5451958.237198 3472112.548660 2063015.852168 1286111.053124 898911.008066 640923.245395 454809.321031 335530.074375 258753.576617 258753.576617 275485.075473 275485.075473 116419.692951 116419.692951 123129.793346 92651.534114 92651.534114 92651.534114 84681.677079 89341.802767 89341.802767 43758.601061 24896.000162
-9999.000000 -9999.000000 -9999.000000 -9999.000000 -9999.000000 -9999.000000 -9999.000000 -9999.000000 -9999.000000 -9999.000000 -9999.000000 -9999.000000 -9999.000000 -9999.000000 1288135798.191169 927060706.743530 788703667.178499 788703667.178499 742323440.476667 304757539.921072 192214807.053530 126595006.507070 86353746.998693 57091948.589842 33023160.402130 18369169.770322 11212873.341574 7498409.344397 5451958.237198 3332034.252485 2033706.673409 1302707.342260 872272.852788 625207.870461 445216.536545 335530.074375 258753.576617 209986.059993 275485.075473 182880.093637 116419.692951 73639.449689 73639.449689 92651.534114 69000.208222 69000.208222 57560.496639 61318.488213 61318.488213 32420.666704 33728.998385
-9999.000000 -9999.000000 -9999.000000 -9999.000000 -9999.000000 -9999.000000 -9999.000000 -9999.000000 -9999.000000 -9999.000000 -9999.000000 -9999.000000 -9999.000000 -9999.000000 878135033.919782 556896637.646142 556896637.646142 498805488.971950 514765355.747137 216555932.597646 191729950.694186 126280613.800392 80675785.830539 52416530.157108 33023160.402130 19449281.623101 11652299.265042 7498409.344397 4707552.412709 2953427.820433 1856525.113965 1302707.342260 872272.852788 625207.870461 465259.415710 329157.941019 204069.042773 162510.684456 162510.684456 113152.562401 114896.612708 73639.449689 57914.361841 71380.388276 69000.208222 57560.496639 44022.695429 44022.695429 30500.987965 21245.599138 21245.599138
-9999.000000 -9999.000000 -9999.000000 -9999.000000 -9999.000000 -9999.000000 -9999.000000 -9999.000000 -9999.000000 -9999.000000 -9999.000000 -9999.000000 -9999.000000 -9999.000000 695690060.891281 556896637.646142 356452752.507328 356452752.507328 396834679.652215 204085570.426149 145721482.873269 126280613.800392 80164272.492004 48711324.436782 31043190.671183 18291966.183480 11067838.709652 6848592.515706 4196883.497813 2609012.810509 1856525.113965 1174315.824581 819001.597535 625207.870461 485665.219231 325774.523296 231309.403001 138534.450732 105751.004433 105751.004433 73587.125910 57914.361841 46451.928554 46451.928554 39148.629837 42689.970555 44022.695429 39015.767458 30500.987965 21245.599138 13967.902838
-9999.000000 -9999.000000 -9999.000000 -9999.000000 -9999.000000 -9999.000000 -9999.000000 -9999.000000 -9999.000000 -9999.000000 -9999.000000 -9999.000000 -9999.000000 -9999.000000 -9999.000000 486550745.210450 356452752.507328 310379044.473360 282232763.259369 304030362.623468 145721482.873269 97747058.543967 59309243.768603 48711324.436782 30114714.616258 18147067.490867 12120004.354569 6930233.636825 4196883.497813 2609012.810509 1644013.440417 1085882.351940 819001.597535 722522.961270 477517.664407 325774.523296 231309.403001 160534.612780 93678.047084 72255.391570 53152.168488 53152.168488 46451.928554 41319.313138 39148.629837 31379.725541 33256.405537 12701.509156 13005.335317 9240.628846 8641.857463
-9999.000000 -9999.000000 -9999.000000 -9999.000000 -9999.000000 -9999.000000 -9999.000000 -9999.000000 -9999.000000 -9999.000000 -9999.000000 -9999.000000 -9999.000000 -9999.000000 -9999.000000 441890973.091889 356452752.507328 310379044.473360 282232763.259369 203641459.638888 205496525.448969 97747058.543967 59309243.768603 37368139.499646 30808294.584314 18147067.490867 10539734.850381 7377641.037135 4705844.724568 3000869.167477 1922821.288996 1328134.125762 1015517.000645 722522.961270 477517.664407 328538.432677 241357.238483 160534.612780 107093.521895 68255.973619 53152.168488 40240.906754 40240.906754 35517.425436 27593.613798 20435.516624 21251.245443 21251.245443 7768.680521 7768.680521 5518.823602
-9999.000000 -9999.000000 -9999.000000 -9999.000000 -9999.000000 -9999.000000 -9999.000000 -9999.000000 -9999.000000 -9999.000000 -9999.000000 -9999.000000 -9999.000000 -9999.000000 -9999.000000 -9999.000000 330019152.002387 427157960.559755 336492513.071385 208440282.344793 125988872.101270 125988872.101270 54988036.244480 37368139.499646 23941055.218889 18198470.122239 10539734.850381 6910935.025771 4823803.652810 3130497.278316 1993151.832011 1379609.112521 1038696.920479 733496.324021 491563.531866 339325.530041 241357.238483 159291.748367 107093.521895 80063.431647 51776.622196 40240.906754 34581.363042 31233.703787 27593.613798 20435.516624 13402.315339 13402.315339 7768.680521 4875.523387 3537.666274
-9999.000000 -9999.000000 -9999.000000 -9999.000000 -9999.000000 -9999.000000 -9999.000000 -9999.000000 -9999.000000 -9999.000000 -9999.000000 -9999.000000 -9999.000000 -9999.000000 -9999.000000 -9999.000000 463213728.551339 439058437.093171 293231819.816935 208440282.344793 125988872.101270 81195687.566320 54988036.244480 36954446.728939 23941055.218889 13789377.829085 8043440.012297 5536486.617834 3746389.575347 2497855.784667 1865200.474471 1297115.704668 927437.902123 655510.145362 491563.531866 339325.530041 248069.143531 162078.036407 109476.183834 80063.431647 61634.173433 48687.799453 41196.463657 31233.703787 27593.613798 21278.315386 13402.315339 8791.613863 6807.714059 4875.523387 3537.666274
-9999.000000 -9999.000000 -9999.000000 -9999.000000 -9999.000000 -9999.000000 -9999.000000 -9999.000000 -9999.000000 -9999.000000 -9999.000000 -9999.000000 -9999.000000 -9999.000000 -9999.000000 -9999.000000 -9999.000000 422182337.464482 293231819.816935 182200396.860912 111814482.608596 74907167.046095 57061044.887979 39379993.958600 25085001.029484 14325517.472957 8384085.420237 5525577.440564 3632724.136643 2380443.571529 1626460.980618 1297115.704668 927437.902123 655510.145362 457290.191078 330594.050634 239843.241782 162078.036407 109476.183834 80063.431647 80063.431647 57034.913992 41196.463657 31233.703787 31233.703787 21278.315386 13358.671197 8791.613863 6807.714059 4875.523387 3537.666274
-9999.000000 -9999.000000 -9999.000000 -9999.000000 -9999.000000 -9999.000000 -9999.000000 -9999.000000 -9999.000000 -9999.000000 -9999.000000 -9999.000000 -9999.000000 -9999.000000 -9999.000000 -9999.000000 -9999.000000 -9999.000000 284843830.712222 186913873.321381 115837926.004385 74900242.159397 52183594.965856 37118244.888763 24734962.696945 14254695.927560 8384085.420237 5525577.440564 3632724.136643 2380443.571529 1626460.980618 1217873.949905 931209.940910 673210.299200 477042.255667 342070.349370 239843.241782 162921.400360 117952.306426 117737.884037 82379.855111 57034.913992 41196.463657 41196.463657 40996.817080 21278.315386 13358.671197 13358.671197 7283.249097 5336.329116 5316.650109
-9999.000000 -9999.000000 -9999.000000 -9999.000000 -9999.000000 -9999.000000 -9999.000000 -9999.000000 -9999.000000 -9999.000000 -9999.000000 -9999.000000 -9999.000000 -9999.000000 -9999.000000 -9999.000000 -9999.000000 -9999.000000 -9999.000000 172055328.443388 109203612.493866 67682417.921727 50714949.614502 34835258.009305 23230563.093830 13852257.376136 8283734.646120 5238654.017007 3455938.798156 2315215.156526 1626460.980618 1217873.949905 931209.940910 673210.299200 477042.255667 342070.349370 342070.349370 178129.836462 181545.331016 119287.307714 85398.850004 62232.795073 62232.795073 60512.197093 31409.976466 21297.838216 21472.625242 21472.625242 8091.911037 7935.699579 7935.699579
-9999.000000 -9999.000000 -9999.000000 -9999.000000 -9999.000000 -9999.000000 -9999.000000 -9999.000000 -9999.000000 -9999.000000 -9999.000000 -9999.000000 -9999.000000 -9999.000000 -9999.000000 -9999.000000 -9999.000000 -9999.000000 -9999.000000 159424706.106161 105150829.122802 65049824.675740 46487366.903482 34835258.009305 22405212.518455 14105796.887157 8659119.489858 5351151.223870 3478302.152068 2315215.156526 1614037.702173 1254439.110401 956641.486198 711175.414632 522719.250230 522719.250230 524356.495354 285506.707862 181545.331016 181545.331016 130251.011330 98799.277485 100867.707122 97100.677267 49499.109758 32747.010047 34773.831387 13012.449313 12464.020821 12464.020821 12124.200565
-9999.000000 -9999.000000 -9999.000000 -9999.000000 -9999.000000 -9999.000000 -9999.000000 -9999.000000 -9999.000000 -9999.000000 -9999.000000 -9999.000000 -9999.000000 -9999.000000 -9999.000000 -9999.000000 -9999.000000 -9999.000000 -9999.000000 -9999.000000 100745813.381467 65049824.675740 46487366.903482 32965289.729114 22405212.518455 14105796.887157 8574382.088403 5293595.310879 3478302.152068 2367631.017429 1772234.123908 1772234.123908 1036276.542255 1036276.542255 771427.609812 791904.945444 445458.673419 294048.905141 297359.428678 297359.428678 217768.726281 166928.076657 159004.397327 159004.397327 51585.480667 51585.480667 19903.438749 19597.829724 19216.979356 15467.730815 11073.863198
-9999.000000 -9999.000000 -9999.000000 -9999.000000 -9999.000000 -9999.000000 -9999.000000 -9999.000000 -9999.000000 -9999.000000 -9999.000000 -9999.000000 -9999.000000 -9999.000000 -9999.000000 -9999.000000 -9999.000000 -9999.000000 -9999.000000 -9999.000000 -9999.000000 59547150.153299 42319916.457585 29585836.111526 21200417.257770 13886117.922653 8502459.413391 5293595.310879 3728387.385652 2558926.178756 2566971.222047 2566971.222047 1520693.614825 1104178.932484 763015.928544 612566.266114 612566.266114 456673.094467 461028.845559 461028.845559 344093.826430 253185.687377 248467.493830 80588.418325 81764.717469 42421.349477 28100.118049 33374.004608 22583.119027 15467.730815 11073.863198
-9999.000000 -9999.000000 -9999.000000 -9999.000000 -9999.000000 -9999.000000 -9999.000000 -9999.000000 -9999.000000 -9999.000000 -9999.000000 -9999.000000 -9999.000000 -9999.000000 -9999.000000 -9999.000000 -9999.000000 -9999.000000 -9999.000000 -9999.000000 -9999.000000 41504160.102821 34263111.939295 24018715.620706 17642185.725897 12752480.499214 7784671.045722 4880906.840747 3728387.385652 3576891.812692 3576891.812692 3768071.909035 1669489.841764 1104178.932484 763015.928544 763015.928544 763015.928544 629092.868513 652376.083698 652376.083698 344925.072761 225555.793228 152212.408013 111490.835929 95258.051983 68938.538160 45369.857439 32347.377084 22101.656717 15475.574353 11621.484150
-9999.000000 -9999.000000 -9999.000000 -9999.000000 -9999.000000 -9999.000000 -9999.000000 -9999.000000 -9999.000000 -9999.000000 -9999.000000 -9999.000000 -9999.000000 -9999.000000 -9999.000000 -9999.000000 -9999.000000 -9999.000000 -9999.000000 -9999.000000 -9999.000000 -9999.000000 32138405.830420 23689429.564705 17642185.725897 12657170.220743 7701261.410823 4880906.840747 5011974.075433 5080099.353545 5080099.353545 5080099.353545 1724916.617619 1178988.462739 1075418.293476 960872.627922 960872.627922 787669.826619 923823.347084 459278.745755 344925.072761 225555.793228 152212.408013 108831.892064 80590.054606 64415.722120 44597.616321 32347.377084 22101.656717 15741.084630 15019.139437
-9999.000000 -9999.000000 -9999.000000 -9999.000000 -9999.000000 -9999.000000 -9999.000000 -9999.000000 -9999.000000 -9999.000000 -9999.000000 -9999.000000 -9999.000000 -9999.000000 -9999.000000 -9999.000000 -9999.000000 -9999.000000 -9999.000000 -9999.000000 -9999.000000 -9999.000000 45339669.379070 31081860.826186 21403757.780238 21020610.105016 11771402.202407 7701261.410823 6953266.742667 6953266.742667 7132169.475721 7132169.475721 1799105.032771 1223706.899428 1153735.879335 1153735.879335 864304.458385 718794.409159 706517.524447 706517.524447 314939.944924 203411.197027 139191.345169 108831.892064 80590.054606 59403.457417 44597.616321 32127.497135 22805.956304 21273.927116 21273.927116
-9999.000000 -9999.000000 -9999.000000 -9999.000000 -9999.000000 -9999.000000 -9999.000000 -9999.000000 -9999.000000 -9999.000000 -9999.000000 -9999.000000 -9999.000000 -9999.000000 -9999.000000 -9999.000000 -9999.000000 -9999.000000 -9999.000000 -9999.000000 -9999.000000 -9999.000000 46563608.987267 30751696.050844 20217331.073222 13706158.451144 13706158.451144 11316079.833401 9243847.139750 8935610.926447 9243847.139750 2829705.619271 1730237.029327 1101061.071250 769725.737898 769725.737898 601252.149574 510604.023615 510604.023615 487667.535421 315484.679136 207771.951035 139191.345169 99239.344869 77971.946404 59403.457417 59403.457417 60508.008898 44034.346021 29867.379168 29867.379168
