ASCII/bv_result_2.txt
ncols         489
nrows         533
xllcorner     593175.11526712
yllcorner     2721796.0885475
cellsize      29.615804956512
NODATA_value  -9999
[rows 375 to 399 of 533, columns 285 to 341 of 489]
0.054687 0.055017 0.053259 0.055017 0.054904 0.054904 0.056671 0.056646 0.056646 0.159885 0.164839 0.170085 0.175440 0.181135 0.181135 0.181152 0.175433 0.169695 0.164189 0.204040 0.216864 0.216864 0.169764 0.169764 0.176170 0.182782 0.189577 0.182899 0.214442 0.220228 0.227275 0.229222 0.229076 0.227602 0.220359 0.220368 0.213414 0.209615 0.209556 0.199547 0.208600 0.208600 0.208918 0.209830 0.210214 0.210049 0.212965 0.203883 0.212780 0.210900 0.208959 0.208959 0.123462 0.123389 0.104974 0.104974 0.105116
0.056473 0.053259 0.056771 0.056771 0.056606 0.058342 0.058305 0.058279 0.058279 0.058279 0.164839 0.170085 0.164839 0.181135 0.187102 0.187117 0.181152 0.192943 0.212097 0.212097 0.216864 0.225248 0.216864 0.226415 0.227354 0.176266 0.182899 0.176266 0.219019 0.227275 0.234596 0.235830 0.235681 0.234921 0.227602 0.220368 0.213414 0.219196 0.219196 0.199668 0.208600 0.217812 0.217812 0.218135 0.218534 0.218363 0.222179 0.222354 0.222518 0.220733 0.218831 0.208959 0.199373 0.199519 0.190484 0.100293 0.100293
0.058236 0.058427 0.058563 0.058407 0.058238 0.060024 0.059986 0.059960 0.059960 0.059960 0.164839 0.159707 0.181149 0.187102 0.193267 0.193267 0.199514 0.199514 0.212274 0.219292 0.225248 0.233710 0.234577 0.234882 0.235870 0.176266 0.176266 0.169814 0.211022 0.234596 0.242243 0.242629 0.242475 0.242475 0.234921 0.231950 0.231950 0.228768 0.228768 0.199668 0.199668 0.208600 0.227421 0.227421 0.227184 0.227005 0.230973 0.231154 0.231325 0.229469 0.228801 0.218831 0.208950 0.209068 0.199691 0.216048 0.216071
0.060054 0.060251 0.060378 0.060091 0.059917 0.061754 0.061715 0.061688 0.061688 0.059960 0.058279 0.056432 0.181196 0.187102 0.193267 0.199514 0.206087 0.206087 0.219292 0.226417 0.233710 0.242331 0.242331 0.242647 0.244528 0.244528 0.235557 0.226765 0.234285 0.242243 0.250205 0.250205 0.250205 0.242475 0.234934 0.231950 0.239573 0.236287 0.228768 0.219196 0.199584 0.217812 0.217812 0.237465 0.236855 0.236855 0.240995 0.240995 0.240481 0.239238 0.239238 0.228801 0.218624 0.209068 0.226420 0.226420 0.225101
0.061989 0.061989 0.062118 0.061824 0.061773 0.063682 0.063682 0.063682 0.061688 0.059757 0.057885 0.056021 0.181064 0.187041 0.193267 0.193267 0.199514 0.212594 0.219182 0.226417 0.234401 0.242331 0.251435 0.251435 0.253564 0.244528 0.226765 0.252271 0.234285 0.234440 0.242243 0.257957 0.250205 0.234934 0.255713 0.250143 0.247053 0.247053 0.236287 0.225740 0.190806 0.208357 0.237465 0.248106 0.247016 0.236855 0.240995 0.251333 0.249999 0.249618 0.239238 0.228732 0.234954 0.234954 0.237190 0.236047 0.225164
0.061989 0.063909 0.063909 0.063739 0.063739 0.061754 0.065709 0.063682 0.059757 0.057885 0.056021 0.056021 0.175215 0.187041 0.192900 0.199311 0.199311 0.212318 0.219182 0.219182 0.211938 0.234401 0.242331 0.260615 0.244528 0.261972 0.253564 0.260870 0.260870 0.249544 0.257957 0.266266 0.266707 0.265795 0.263896 0.257953 0.257953 0.247053 0.236198 0.254253 0.254253 0.258491 0.258491 0.259157 0.257532 0.257432 0.257242 0.262033 0.260642 0.260642 0.249618 0.238656 0.234954 0.245700 0.248097 0.247221 0.236047
0.061974 0.063909 0.065752 0.065752 0.063739 0.067880 0.067880 0.067880 0.072206 0.072206 0.072201 0.069956 0.180614 0.186625 0.192900 0.199311 0.205709 0.205709 0.212318 0.205576 0.211938 0.252065 0.260615 0.269083 0.269617 0.270244 0.271101 0.269441 0.260870 0.249544 0.266266 0.275104 0.275104 0.273458 0.271504 0.269145 0.257953 0.247053 0.236198 0.254253 0.266139 0.266711 0.270181 0.270370 0.267725 0.267621 0.267424 0.272404 0.271823 0.260642 0.269557 0.257811 0.245700 0.256757 0.257917 0.257917 0.257917
0.061786 0.063700 0.065752 0.067856 0.070095 0.067880 0.070119 0.067880 0.074639 0.074639 0.074554 0.074558 0.072223 0.072223 0.186849 0.193107 0.199311 0.193107 0.205576 0.205576 0.198852 0.252065 0.269083 0.277971 0.277971 0.278617 0.278917 0.278120 0.269441 0.277604 0.266266 0.266266 0.283966 0.281342 0.282250 0.280899 0.269145 0.257306 0.256699 0.266139 0.278562 0.278562 0.282101 0.281071 0.278321 0.278213 0.278009 0.283186 0.283395 0.281461 0.269557 0.257894 0.256757 0.268125 0.268125 0.268125 0.257917
0.061656 0.063700 0.061656 0.065752 0.070107 0.072442 0.072442 0.072442 0.077169 0.077118 0.077081 0.077081 0.074677 0.063774 0.065892 0.193107 0.193107 0.193107 0.199060 0.199060 0.192688 0.260149 0.269083 0.277971 0.286650 0.286650 0.286958 0.286957 0.286957 0.277604 0.274681 0.283966 0.293319 0.293319 0.293421 0.293166 0.280899 0.268621 0.256699 0.266139 0.266139 0.291199 0.293267 0.292196 0.290363 0.290363 0.290037 0.294394 0.294612 0.293674 0.281461 0.292209 0.292209 0.279634 0.279759 0.268125 0.256575
0.061656 0.059745 0.065856 0.065884 0.070107 0.072442 0.074807 0.074807 0.079715 0.079715 0.079666 0.077081 0.077121 0.065892 0.068103 0.068103 0.068103 0.065906 0.186675 0.192688 0.186675 0.259235 0.268197 0.277336 0.286650 0.296092 0.296092 0.296256 0.286957 0.277542 0.308838 0.308838 0.293319 0.306009 0.306009 0.306009 0.293166 0.306238 0.292573 0.304755 0.291199 0.304467 0.304874 0.303761 0.303218 0.278213 0.302878 0.306046 0.306272 0.306176 0.306176 0.305298 0.292209 0.292114 0.279759 0.256575 0.245338
0.082056 0.063804 0.065909 0.068105 0.068105 0.070328 0.074807 0.077169 0.077169 0.082232 0.082267 0.079666 0.079625 0.065932 0.068103 0.070282 0.068103 0.068026 0.180926 0.186675 0.180926 0.259235 0.259235 0.268197 0.277336 0.286650 0.305872 0.305872 0.296256 0.324853 0.321481 0.319248 0.318383 0.293319 0.319510 0.306009 0.313898 0.320265 0.306238 0.318956 0.304467 0.318133 0.316941 0.316692 0.316692 0.302878 0.316336 0.318160 0.318395 0.318294 0.318294 0.318294 0.305298 0.292114 0.279423 0.267576 0.256231
0.087461 0.087479 0.065909 0.068105 0.070328 0.072542 0.074807 0.072542 0.084874 0.084874 0.084816 0.082267 0.079625 0.068017 0.070282 0.072460 0.070282 0.068026 0.065828 0.180926 0.180926 0.174916 0.259125 0.259125 0.295561 0.305712 0.305712 0.315784 0.325643 0.335733 0.332152 0.333213 0.332650 0.332650 0.333781 0.330697 0.327519 0.334161 0.334161 0.333203 0.332026 0.332026 0.330433 0.330433 0.316692 0.316336 0.330249 0.330752 0.330997 0.330892 0.330892 0.317381 0.316876 0.302961 0.267576 0.267576 0.256082
0.090359 0.090359 0.089464 0.065900 0.068105 0.070328 0.072542 0.084874 0.087504 0.084874 0.087530 0.087530 0.084734 0.070136 0.072460 0.074770 0.072460 0.068026 0.065827 0.063673 0.174916 0.174916 0.050818 0.286038 0.295561 0.305712 0.315784 0.325643 0.335733 0.346401 0.346401 0.347508 0.333213 0.347508 0.348507 0.343786 0.340482 0.347387 0.347387 0.347387 0.346391 0.332026 0.345234 0.330433 0.315972 0.330249 0.344833 0.344833 0.345088 0.345088 0.330892 0.332918 0.331522 0.316876 0.244889 0.256082 0.256082
0.090359 0.093332 0.092433 0.089464 0.065900 0.068041 0.070193 0.084874 0.084874 0.090316 0.090316 0.087530 0.084757 0.079658 0.077178 0.077178 0.074770 0.070107 0.070107 0.063673 0.061562 0.055830 0.054158 0.052560 0.295788 0.305712 0.305712 0.315784 0.325643 0.346401 0.361262 0.362301 0.362301 0.362301 0.362301 0.357393 0.353958 0.347387 0.361137 0.361137 0.361137 0.360519 0.345234 0.315972 0.315972 0.330249 0.330249 0.359940 0.359892 0.345088 0.347754 0.347091 0.347091 0.331522 0.233794 0.244889 0.245294
0.096412 0.096412 0.095478 0.095617 0.092513 0.092513 0.090166 0.093167 0.093167 0.093167 0.090316 0.087785 0.082264 0.082264 0.079658 0.074770 0.074770 0.072429 0.070107 0.065541 0.061528 0.059603 0.057762 0.056012 0.054298 0.295891 0.295891 0.330984 0.345816 0.361262 0.376641 0.376641 0.376641 0.376641 0.376641 0.371538 0.369574 0.369574 0.361137 0.376958 0.376958 0.376958 0.360519 0.289590 0.302784 0.316190 0.359940 0.375770 0.375770 0.359892 0.362966 0.362966 0.347091 0.331158 0.233794 0.233794 0.234738
0.100075 0.099547 0.098533 0.098762 0.095617 0.096691 0.093001 0.096076 0.096076 0.093167 0.090324 0.087609 0.084907 0.079658 0.079658 0.077053 0.072429 0.070107 0.070107 0.067822 0.063679 0.061677 0.059746 0.057893 0.056079 0.056079 0.315757 0.330235 0.345493 0.361262 0.376641 0.391548 0.391548 0.391548 0.391548 0.386244 0.386206 0.369574 0.345624 0.376958 0.393472 0.376958 0.393472 0.396388 0.375952 0.392870 0.392870 0.392027 0.375770 0.362966 0.378816 0.362966 0.346897 0.342685 0.328713 0.329108 0.329108
0.102831 0.102632 0.101609 0.101609 0.100767 0.099896 0.099248 0.099184 0.096076 0.090324 0.090324 0.087473 0.084775 0.082164 0.077053 0.074500 0.074500 0.065622 0.067822 0.067822 0.065746 0.063679 0.061677 0.059746 0.057893 0.056079 0.054279 0.315757 0.345190 0.361148 0.376641 0.391548 0.407046 0.407046 0.407046 0.403139 0.403456 0.403456 0.404913 0.404979 0.388033 0.411185 0.393472 0.414449 0.412992 0.392870 0.410082 0.410082 0.374090 0.391135 0.395412 0.392963 0.375640 0.358874 0.344294 0.344294 0.329108
0.105490 0.105306 0.102632 0.104782 0.103672 0.103076 0.102411 0.102411 0.099184 0.087473 0.087473 0.087473 0.084690 0.082078 0.079426 0.076927 0.692036 0.692036 0.065622 0.065746 0.065746 0.063632 0.061596 0.058973 0.056565 0.054213 0.051848 0.328427 0.343788 0.359691 0.375561 0.391548 0.407046 0.423157 0.423157 0.421145 0.386206 0.421476 0.422150 0.422219 0.422219 0.429027 0.432877 0.431499 0.431499 0.428488 0.428488 0.410082 0.391135 0.409012 0.411062 0.411062 0.392963 0.358874 0.359233 0.344294 0.329184
0.108028 0.108028 0.108028 0.108028 0.106661 0.106047 0.105688 0.102411 0.099184 0.084629 0.079532 0.084690 0.082078 0.082078 0.079495 0.714705 0.714705 0.715684 0.715684 0.063643 0.063632 0.061596 0.058973 0.058973 0.056351 0.053874 0.051848 0.327855 0.343788 0.343788 0.375442 0.391548 0.407046 0.423157 0.439905 0.439905 0.439442 0.440251 0.440260 0.422150 0.440332 0.446008 0.451305 0.450010 0.450010 0.447080 0.428488 0.390986 0.409012 0.427332 0.427332 0.411062 0.392992 0.375496 0.359233 0.342856 0.173171
0.110628 0.110628 0.110628 0.110628 0.109736 0.109105 0.109105 0.105688 0.102278 0.079532 0.081996 0.079532 0.079478 0.908940 0.736410 0.736410 0.738886 0.739576 0.715684 0.710751 0.706404 0.706404 0.056301 0.056351 0.053874 0.053874 0.051481 0.327855 0.343133 0.343133 0.373291 0.389182 0.404586 0.421810 0.439905 0.458632 0.458632 0.458993 0.440260 0.459623 0.459623 0.463661 0.469167 0.467821 0.467821 0.466479 0.447080 0.465564 0.445874 0.445874 0.427332 0.411062 0.393258 0.375496 0.342856 0.165160 0.173171
0.110628 0.113290 0.113290 0.113290 0.112619 0.112619 0.109105 0.105668 0.099025 0.099025 0.079532 0.879893 0.879893 0.939380 0.939380 0.760965 0.762928 0.762928 0.761334 0.743664 0.740213 0.706404 0.053765 0.053765 0.051431 0.301694 0.301694 0.315810 0.330140 0.358558 0.374071 0.388877 0.404269 0.421810 0.421810 0.458632 0.478533 0.478533 0.458993 0.459623 0.479938 0.482012 0.487737 0.486338 0.486338 0.486338 0.486338 0.486338 0.465564 0.445874 0.428898 0.410277 0.391584 0.375496 0.358115 0.181251 0.181471
0.110628 0.113290 0.116017 0.116017 0.115664 0.112619 0.105668 0.105668 0.102321 0.099025 0.826021 0.879893 0.909626 0.939380 0.969946 0.784924 0.784924 0.784924 0.784924 0.775566 0.775566 0.740213 0.705888 0.275502 0.288150 0.301694 0.315810 0.330140 0.344907 0.359829 0.374071 0.388877 0.404269 0.404269 0.387457 0.439383 0.458632 0.499645 0.499645 0.499803 0.500932 0.501090 0.507041 0.505587 0.505587 0.505587 0.505587 0.486338 0.467821 0.450010 0.430743 0.391584 0.391584 0.373191 0.172840 0.181251 0.190119
0.110390 0.113290 0.116017 0.118809 0.118809 0.115664 0.126923 0.126923 0.126923 0.139364 0.139364 0.853684 0.909626 1.000000 -9999.000000 1.000000 0.807553 0.807553 0.807553 0.800836 0.775566 0.740106 0.705794 0.275502 0.275502 0.301694 0.301694 0.315810 0.341001 0.356392 0.372430 0.388877 0.388877 0.387457 0.387457 0.371344 0.355508 0.499645 0.521080 0.521080 0.522422 0.522422 0.527110 0.525598 0.525598 0.525598 0.505587 0.486338 0.467821 0.448421 0.428482 0.411185 0.373335 0.234055 0.190071 0.189912 0.199077
0.107485 0.111688 0.115759 0.118809 0.121968 0.118809 0.125146 0.130930 0.126923 0.139364 0.144072 0.881422 0.881422 0.152870 0.157904 0.162834 -9999.000000 0.830836 0.830836 0.827373 0.800836 0.773870 0.738394 0.803111 0.147258 0.288042 0.311957 0.326376 0.326376 0.341001 0.356392 0.372430 0.372998 0.371636 0.371344 0.371344 0.498823 0.521080 0.543434 0.543434 0.521080 0.544834 0.547973 0.546401 0.546401 0.525598 0.505587 0.486338 0.465955 0.445647 0.433191 0.416256 0.241001 0.241001 0.241175 0.199073 0.208406
0.108738 0.108738 0.111688 0.115759 0.121968 0.125146 0.128443 0.125146 0.135196 0.139497 0.144072 0.148650 0.144072 0.157671 0.162834 0.167879 0.167879 -9999.000000 0.854789 0.854789 0.827373 0.799594 0.851508 0.841162 0.841162 0.154156 0.154156 0.161394 0.161394 0.154375 0.356260 0.357091 0.357091 0.356038 0.356181 0.355483 0.340082 0.498823 0.543434 0.567013 0.567013 0.568028 0.569662 0.569662 0.546401 0.523468 0.501416 0.480435 0.459496 0.445647 0.433191 0.247978 0.247978 0.248132 0.248132 0.199073 0.208488
