ASCII/bv_result_3.txt
ncols         489
nrows         533
xllcorner     593175.11526712
yllcorner     2721796.0885475
cellsize      29.615804956512
NODATA_value  -9999
[rows 425 to 449 of 533, columns 57 to 113 of 489]
0.031763 0.030444 0.031777 0.033175 0.028180 0.029461 0.030769 0.032120 0.032120 0.047078 0.049131 0.049126 0.049126 0.055816 0.055852 0.058312 0.063478 0.063478 0.063478 0.063357 0.071718 0.071718 0.074977 0.074995 0.074853 0.074824 0.074774 0.092063 0.092063 0.092078 0.091962 0.091962 0.095677 0.095658 0.095707 0.118539 0.123852 0.129532 0.135501 0.141842 0.148489 0.148489 0.148302 0.148302 0.142247 0.141861 0.344101 0.374676 0.423488 0.443158 0.463420 0.483552 0.483552 0.483200 0.483200 0.482851 0.477522
0.033192 0.034653 0.031783 0.033192 0.034666 0.029461 0.030769 0.032120 0.033524 0.047052 0.049134 0.051297 0.051288 0.055878 0.058289 0.058312 0.060965 0.066312 0.066312 0.066270 0.069145 0.075045 0.078402 0.078402 0.078288 0.078288 0.078241 0.088505 0.096346 0.096346 0.096218 0.100179 0.100065 0.100048 0.100083 0.100083 0.134830 0.141172 0.147539 0.147588 0.154534 0.154981 0.154878 0.154711 0.148302 0.141861 0.183740 0.404854 0.423385 0.443113 0.463375 0.483552 0.503740 0.503740 0.503637 0.503637 0.519678
0.033192 0.034653 0.036178 0.033192 0.034666 0.036204 0.036204 0.033502 0.034979 0.034989 0.049134 0.051319 0.053585 0.053585 0.058368 0.060922 0.063693 0.063693 0.069321 0.069321 0.072329 0.072296 0.078402 0.081884 0.081794 0.081794 0.081794 0.092574 0.092574 0.100754 0.100663 0.104830 0.104725 0.104722 0.104771 0.114282 0.114249 0.141135 0.147755 0.154534 0.161786 0.161786 0.161616 0.161455 0.161455 0.154407 0.191694 0.413358 0.431016 0.450953 0.471535 0.492353 0.514433 0.514433 0.514433 0.542854 0.542854
0.033088 0.034576 0.036178 0.037778 0.037759 0.037757 0.037783 0.037819 0.034993 0.036547 0.036547 0.051319 0.053585 0.055929 0.058400 0.061026 0.063693 0.066493 0.066493 0.072329 0.075490 0.075490 0.078748 0.085621 0.085511 0.085511 0.085476 0.096804 0.096804 0.105331 0.105283 0.109696 0.109622 0.109642 0.109711 0.119693 0.119648 0.141956 0.147755 0.154695 0.161786 0.168679 0.168582 0.168582 0.168226 0.168226 0.168174 0.200292 0.432099 0.451224 0.471535 0.492353 0.514433 0.536580 0.536580 0.538535 0.554711
0.033088 0.034576 0.036117 0.037735 0.039493 0.039493 0.039490 0.039504 0.039504 0.036547 0.038153 0.038153 0.053585 0.055929 0.058400 0.061026 0.063693 0.066493 0.069321 0.072317 0.075490 0.078785 0.082194 0.085748 0.089487 0.089412 0.089412 0.101275 0.101260 0.110165 0.110144 0.114800 0.114729 0.114729 0.114782 0.125243 0.125243 0.148500 0.148554 0.161556 0.168768 0.176129 0.176129 0.176142 0.175987 0.175987 0.175833 0.209310 0.209310 0.451356 0.471263 0.496697 0.519185 0.541846 0.548002 0.548002 0.557365
0.034535 0.036090 0.037738 0.039486 0.039486 0.041328 0.041328 0.041331 0.041331 0.041353 0.038153 0.039815 0.039815 0.055929 0.058366 0.061026 0.061026 0.066493 0.066493 0.072317 0.075503 0.078785 0.082194 0.085823 0.089576 0.093499 0.093448 0.105909 0.105909 0.115202 0.115202 0.120080 0.119983 0.119942 0.119970 0.130862 0.130862 0.155187 0.155293 0.155293 0.176146 0.176129 0.184085 0.184085 0.184048 0.184048 0.183788 0.209310 0.218561 0.218751 0.218655 0.496373 0.518755 0.541846 0.551347 0.557595 0.567182
0.037647 0.036090 0.037738 0.039486 0.041322 0.041328 0.043221 0.043221 0.043287 0.043264 0.043262 0.043262 0.041521 0.041521 0.058366 0.058366 0.058408 0.063686 0.069274 0.072317 0.075503 0.075503 0.082163 0.085823 0.089576 0.093499 0.097630 0.097630 0.110642 0.115415 0.120340 0.125426 0.125371 0.125371 0.125371 0.136706 0.148917 0.162261 0.162261 0.162325 0.176369 0.184085 0.192262 0.192262 0.192308 0.192308 0.183788 0.213357 0.218561 0.228070 0.228320 0.228383 0.550255 0.560044 0.551347 0.560934 0.567182
0.037635 0.039349 0.037769 0.039528 0.041322 0.043217 0.045131 0.045131 0.045253 0.045253 0.045237 0.045237 0.043320 0.041521 0.041545 0.055893 0.060983 0.066404 0.069252 0.072255 0.072253 0.078631 0.082121 0.085823 0.089576 0.093421 0.097630 0.101970 0.101970 0.115415 0.120397 0.125562 0.130986 0.130986 0.136809 0.142861 0.155718 0.155718 0.169669 0.169669 0.169687 0.184271 0.192262 0.200666 0.200666 0.200666 0.200003 0.208106 0.222636 0.222657 0.238163 0.238555 0.238555 0.560044 0.570028 0.570428 0.570512
0.037612 0.039353 0.041168 0.039528 0.041357 0.043217 0.045131 0.047067 0.045253 0.047211 0.047211 0.045237 0.045239 0.043346 0.041541 0.060824 0.063458 0.066206 0.069047 0.071968 0.075118 0.078477 0.082025 0.085723 0.089478 0.097354 0.101795 0.106351 0.106351 0.111062 0.120397 0.125562 0.130986 0.136527 0.142746 0.149160 0.155718 0.162665 0.169669 0.177265 0.177265 0.192463 0.192463 0.209473 0.209473 0.209172 0.209172 0.217483 0.232277 0.232700 0.232745 0.248901 0.249142 0.560080 0.570028 0.579915 0.580147
0.039569 0.039353 0.041168 0.043048 0.044995 0.047010 0.049122 0.049118 0.049118 0.049118 0.049169 0.047211 0.045239 0.043346 0.047059 0.060824 0.063458 0.066206 0.066206 0.071968 0.075168 0.078522 0.082025 0.085723 0.085723 0.097354 0.101795 0.106351 0.111062 0.115504 0.120397 0.125562 0.130986 0.136527 0.142746 0.149160 0.155718 0.162665 0.169946 0.177265 0.184578 0.192463 0.200750 0.209473 0.218630 0.218630 0.209172 0.227513 0.242992 0.243435 0.243435 0.243634 0.259950 0.259950 0.570028 0.579775 0.589983
0.041329 0.041376 0.041214 0.043052 0.044984 0.047010 0.049122 0.051313 0.051313 0.051373 0.051373 0.051255 0.051255 0.049114 0.047059 0.045075 0.060828 0.063399 0.068930 0.071968 0.075168 0.078522 0.082043 0.089257 0.093196 0.097354 0.101706 0.101745 0.106351 0.111062 0.115504 0.120241 0.125299 0.130551 0.136527 0.142746 0.149160 0.162665 0.169946 0.177265 0.184205 0.192304 0.200672 0.209424 0.218630 0.228033 0.238008 0.238008 0.254229 0.265535 0.254503 0.254503 0.271222 0.270766 0.569725 0.579775 0.589983
0.043086 0.043171 0.043171 0.043052 0.046905 0.049033 0.051258 0.051313 0.053639 0.053711 0.051373 0.053556 0.053556 0.053334 0.051059 0.045075 0.043191 0.088001 0.091856 0.091835 0.091956 0.096052 0.096353 0.096353 0.093196 0.097319 0.097281 0.101745 0.101745 0.106433 0.106433 0.115058 0.119807 0.130469 0.130469 0.142650 0.155600 0.162593 0.169806 0.169806 0.184205 0.192304 0.192304 0.218472 0.228283 0.238202 0.238008 0.248606 0.265535 0.277242 0.265535 0.282889 0.282509 0.282460 0.560853 0.579755 0.589971
0.044998 0.044998 0.045067 0.046848 0.046905 0.049033 0.051258 0.053639 0.056083 0.056083 0.056015 0.056015 0.055804 0.055804 0.053364 0.051053 0.084200 0.087870 0.091828 0.096044 0.096006 0.100473 0.100473 0.100700 0.100487 0.100509 0.097306 0.097316 0.097316 0.101901 0.101844 0.101844 0.110047 0.124795 0.136429 0.148812 0.148890 0.155670 0.162675 0.162675 0.184163 0.184128 0.209136 0.218142 0.228043 0.238202 0.248606 0.259108 0.269100 0.277242 0.285748 0.294832 0.294832 0.294832 0.285451 0.579755 0.589971
0.046917 0.046992 0.047043 0.048887 0.053114 0.048983 0.051241 0.053620 0.056083 0.058520 0.058520 0.058416 0.058416 0.055804 0.053322 0.051053 0.084171 0.087864 0.091837 0.096033 0.100467 0.100467 0.105074 0.105167 0.104921 0.104921 0.104921 0.107916 0.107916 0.108117 0.108117 0.103430 0.181509 0.189513 0.197968 0.206950 0.216403 0.226288 0.236479 0.246754 0.257287 0.257287 0.281061 0.295525 0.219070 0.228853 0.238712 0.248606 0.269100 0.309806 0.309806 0.294832 0.307260 0.294832 0.305325 0.570830 0.589661
0.049038 0.049075 0.049093 0.051019 0.050979 0.055500 0.053360 0.055813 0.058394 0.061011 0.061011 0.061011 0.058416 0.055823 0.055640 0.053173 0.084171 0.087864 0.091837 0.096033 0.100467 0.105074 0.109704 0.109704 0.109624 0.109560 0.109474 0.107916 0.112824 0.112935 0.112935 0.107978 0.107598 0.189599 0.198135 0.207026 0.216105 0.225905 0.236086 0.246513 0.257314 0.268524 0.281167 0.293918 0.308996 0.309184 0.309184 0.309184 0.260920 0.319943 0.319943 0.319994 0.319994 0.315199 0.305325 0.301705 0.316049
0.051195 0.051195 0.051191 0.053213 0.053213 0.055500 0.057979 0.058146 0.060842 0.063621 0.063621 0.063621 0.060891 0.058242 0.055640 0.055560 0.057890 0.087882 0.091855 0.096042 0.100469 0.105078 0.109704 0.114359 0.114356 0.114361 0.114370 0.112824 0.117879 0.117879 0.117879 0.112800 0.117281 0.112510 0.198271 0.207185 0.216402 0.225826 0.236011 0.246499 0.257325 0.268677 0.280573 0.293918 0.307185 0.322785 0.322785 0.322711 0.312454 0.312454 0.325521 0.325509 0.325509 0.320443 0.315449 0.301795 0.306963
0.053349 0.053326 0.053326 0.053213 0.055496 0.055438 0.060619 0.060634 0.060832 0.063621 0.066361 0.063621 0.060891 0.060810 0.058132 0.063162 0.060458 0.091741 0.087834 0.091812 0.100416 0.105011 0.109704 0.119249 0.119349 0.119405 0.119480 0.119480 0.117879 0.122922 0.117879 0.127129 0.127042 0.122684 0.117640 0.207185 0.216402 0.225939 0.236011 0.246499 0.257325 0.268677 0.280573 0.293079 0.307185 0.314676 0.328438 0.328438 0.323040 0.318003 0.331233 0.331179 0.331179 0.325954 0.325531 0.293536 0.307035
0.055568 0.055568 0.053326 0.053204 0.055496 0.057995 0.057995 0.063432 0.063432 0.066361 0.069186 0.066361 0.063561 0.060810 0.066067 0.063221 0.060425 0.087731 0.095881 0.095948 0.095992 0.109299 0.114187 0.119249 0.124573 0.124698 0.124756 0.124756 0.124683 0.127301 0.128357 0.132960 0.132960 0.128384 0.122998 0.122998 0.216402 0.225877 0.236011 0.236011 0.257325 0.268677 0.280411 0.293079 0.306285 0.320140 0.320140 0.331340 0.328645 0.328645 0.336978 0.336913 0.336913 0.336477 0.336424 0.293536 0.298633
0.055568 0.057868 0.055568 0.062984 0.062974 0.057995 0.060667 0.063432 0.066294 0.069186 0.072103 0.072103 0.069056 0.069056 0.066129 0.063221 0.060498 0.091753 0.091753 0.100302 0.100344 0.100344 0.109495 0.119254 0.124650 0.130206 0.130297 0.130297 0.130177 0.125211 0.132986 0.134204 0.134204 0.134235 0.128542 0.128542 0.123092 0.225877 0.225780 0.225780 0.256855 0.268098 0.280106 0.293079 0.306193 0.320140 0.323025 0.328599 0.334221 0.334221 0.347865 0.347865 0.342333 0.342333 0.341934 0.341176 0.303709
0.055445 0.057865 0.060432 0.060432 0.065906 0.065906 0.071885 0.071885 0.075163 0.075163 0.075163 0.075141 0.072103 0.069056 0.066129 0.063283 0.060498 0.091818 0.096033 0.096033 0.104933 0.104933 0.109605 0.114493 0.124681 0.130300 0.136052 0.136052 0.135924 0.135881 0.130828 0.134204 0.135406 0.135406 0.134235 0.128542 0.122930 0.215882 0.215882 0.215854 0.245571 0.267602 0.279624 0.292748 0.306245 0.320140 0.320140 0.328599 0.334221 0.344850 0.347865 0.353639 0.353639 0.347958 0.344888 0.344888 0.347087
0.055445 0.057873 0.060488 0.063220 0.066034 0.068932 0.071885 0.075137 0.078454 0.078454 0.078426 0.078373 0.081687 0.085114 0.085114 0.085101 0.081397 0.091818 0.096033 0.100406 0.104933 0.109605 0.114518 0.119690 0.119690 0.130300 0.136052 0.141890 0.141822 0.141822 0.141956 0.136546 0.136546 0.135406 0.134241 0.128475 0.122841 0.117516 0.245506 0.245399 0.245548 0.279625 0.279624 0.292652 0.306245 0.318837 0.333189 0.339050 0.344850 0.355567 0.361277 0.362528 0.359588 0.359588 0.356609 0.355875 0.353085
0.055445 0.057873 0.060488 0.063220 0.066034 0.068932 0.071940 0.075137 0.078477 0.081915 0.081915 0.081885 0.085403 0.089041 0.089041 0.088997 0.085147 0.088556 0.096493 0.096493 0.096585 0.100984 0.114518 0.119690 0.125038 0.130513 0.136052 0.141833 0.148082 0.148082 0.148082 0.141956 0.136546 0.135379 0.134241 0.128475 0.122841 0.117849 0.235146 0.256676 0.256676 0.256752 0.292331 0.291499 0.304995 0.318834 0.333241 0.339113 0.344850 0.360925 0.361425 0.364375 0.365658 0.365658 0.362758 0.362057 0.359184
0.055445 0.057873 0.060477 0.063230 0.066034 0.068932 0.071940 0.075064 0.078477 0.081981 0.085567 0.085567 0.089273 0.093124 0.093124 0.089081 0.092780 0.092642 0.100700 0.100833 0.100833 0.100920 0.105568 0.105568 0.105996 0.106254 0.154037 0.141833 0.148082 0.154372 0.148082 0.142247 0.135379 0.135379 0.134178 0.128468 0.123027 0.235301 0.246060 0.246060 0.268538 0.268538 0.292563 0.305791 0.305064 0.318926 0.333281 0.339113 0.354993 0.360925 0.366989 0.367550 0.367550 0.368787 0.368811 0.368160 0.365292
0.055411 0.057703 0.060343 0.063082 0.065880 0.068763 0.071773 0.075041 0.078485 0.081981 0.085567 0.089273 0.093124 0.097208 0.093124 0.097046 0.096773 0.096848 0.105186 0.105446 0.105300 0.110089 0.105568 0.110347 0.110558 0.110558 0.154037 0.160802 0.160904 0.160904 0.160904 0.160722 0.154131 0.147808 0.141652 0.128468 0.123150 0.235301 0.246060 0.257379 0.268538 0.280652 0.292563 0.305791 0.319784 0.334255 0.348986 0.355083 0.355083 0.361086 0.373293 0.373293 0.373698 0.374764 0.374764 0.374123 0.371288
0.055507 0.057752 0.060381 0.063082 0.065880 0.068855 0.071784 0.075057 0.078485 0.081981 0.086104 0.089827 0.093485 0.097208 0.101366 0.101366 0.101105 0.101105 0.109738 0.109738 0.110151 0.110089 0.115069 0.115061 0.115061 0.153950 0.160846 0.160913 0.168007 0.168007 0.167814 0.167814 0.167743 0.160641 0.180517 0.180517 0.180545 0.230050 0.246115 0.257379 0.268885 0.280652 0.292563 0.305771 0.319784 0.334255 0.348994 0.355083 0.361154 0.367209 0.373293 0.379639 0.379639 0.380124 0.380124 0.379473 0.378524
