ASCII/bv_result_4.txt
ncols         489
nrows         533
xllcorner     593175.11526712
yllcorner     2721796.0885475
cellsize      29.615804956512
NODATA_value  -9999
[rows 300 to 324 of 533, columns 114 to 170 of 489]
-9999.000000 -9999.000000 -9999.000000 -9999.000000 -9999.000000 -9999.000000 -9999.000000 -9999.000000 -9999.000000 -9999.000000 -9999.000000 0.106800 0.110895 0.112874 0.114578 0.115903 0.115903 0.118539 0.119914 0.120991 0.123557 0.125411 0.126845 0.128748 0.131128 0.132647 0.134199 0.135766 0.137311 0.138863 0.140425 0.142380 0.144466 0.144466 0.148598 0.148598 0.152652 0.154688 0.154688 0.152597 0.156736 0.156736 0.156650 0.156650 0.154315 0.159627 0.159644 0.163313 0.163313 0.154657 0.156935 0.159222 0.161470 0.159222 0.157030 0.173590 0.176071
-9999.000000 -9999.000000 -9999.000000 -9999.000000 -9999.000000 -9999.000000 -9999.000000 -9999.000000 -9999.000000 -9999.000000 -9999.000000 0.108310 0.109901 0.112560 0.114578 0.115903 0.117215 0.118544 0.119914 0.121730 0.123557 0.124955 0.126845 0.128748 0.130676 0.132646 0.134196 0.135761 0.137311 0.138863 0.139283 0.140824 0.142373 0.146461 0.146489 0.150543 0.150543 0.156852 0.156802 0.156802 0.156736 0.158978 0.158978 0.156650 0.160901 0.160739 0.162015 0.162015 0.165714 0.164920 0.161408 0.163777 0.163777 0.163806 0.163823 0.173590 0.176071
-9999.000000 -9999.000000 -9999.000000 -9999.000000 -9999.000000 -9999.000000 -9999.000000 -9999.000000 -9999.000000 -9999.000000 -9999.000000 -9999.000000 0.109901 0.111532 0.114227 0.115903 0.116460 0.118161 0.119938 0.121730 0.123105 0.124955 0.127199 0.129152 0.131124 0.132651 0.134202 0.135761 0.136170 0.137731 0.139283 0.140824 0.144840 0.144384 0.144384 0.154577 0.156852 0.159089 0.159089 0.159102 0.159093 0.161296 0.161296 0.163335 0.163335 0.163167 0.163165 0.163212 0.166927 0.169806 0.166115 0.163777 0.166166 0.166166 0.166194 0.169679 0.169737
-9999.000000 -9999.000000 -9999.000000 -9999.000000 -9999.000000 -9999.000000 -9999.000000 -9999.000000 -9999.000000 -9999.000000 -9999.000000 -9999.000000 -9999.000000 0.111532 0.113167 0.114810 0.116460 0.118175 0.119938 0.121307 0.123110 0.125287 0.127199 0.129152 0.131124 0.132651 0.133075 0.134624 0.136170 0.136170 0.139247 0.139247 0.142779 0.142779 0.152752 0.154509 0.156817 0.159089 0.161403 0.161421 0.161421 0.163659 0.163659 0.165782 0.165782 0.165649 0.165649 0.165663 0.168162 0.172215 0.171053 0.168572 0.168587 0.168587 0.168642 0.172203 0.172203
-9999.000000 -9999.000000 -9999.000000 -9999.000000 -9999.000000 -9999.000000 -9999.000000 -9999.000000 -9999.000000 -9999.000000 -9999.000000 -9999.000000 -9999.000000 0.111532 0.113146 0.114810 0.116460 0.118175 0.119526 0.121305 0.123446 0.125307 0.127196 0.129123 0.130008 0.131549 0.133075 0.133075 0.134616 0.137660 0.139603 0.141196 0.141191 0.151043 0.152752 0.154946 0.156752 0.159085 0.161403 0.163702 0.163702 0.166071 0.166028 0.168233 0.168233 0.168219 0.168171 0.168175 0.169424 0.173499 0.172319 0.171032 0.171063 0.171063 0.171121 0.171623 0.174714
-9999.000000 -9999.000000 -9999.000000 -9999.000000 -9999.000000 -9999.000000 -9999.000000 -9999.000000 -9999.000000 -9999.000000 -9999.000000 -9999.000000 -9999.000000 -9999.000000 0.113158 0.114810 0.116472 0.117779 0.119531 0.121637 0.123470 0.125338 0.125161 0.127034 0.128527 0.130045 0.131556 0.133084 0.136098 0.138004 0.139603 0.139639 0.139639 0.151034 0.153163 0.154946 0.156752 0.158985 0.161355 0.163702 0.166022 0.168461 0.168461 0.168474 0.170759 0.170759 0.170692 0.170690 0.170683 0.174784 0.173598 0.173588 0.173575 0.173571 0.173613 0.174100 0.177238
-9999.000000 -9999.000000 -9999.000000 -9999.000000 -9999.000000 -9999.000000 -9999.000000 -9999.000000 -9999.000000 -9999.000000 -9999.000000 -9999.000000 -9999.000000 0.109171 0.109171 0.114837 0.116108 0.117797 0.119861 0.121669 0.121521 0.123326 0.125164 0.127047 0.128527 0.130045 0.130045 0.134554 0.136438 0.138004 0.138051 0.138083 0.149389 0.149389 0.153171 0.154929 0.156472 0.158875 0.161271 0.163641 0.166013 0.168446 0.170940 0.170940 0.173275 0.173275 0.173209 0.173195 0.173192 0.176066 0.176181 0.176181 0.176157 0.176136 0.176177 0.176674 0.179847
-9999.000000 -9999.000000 -9999.000000 -9999.000000 -9999.000000 -9999.000000 -9999.000000 -9999.000000 -9999.000000 -9999.000000 -9999.000000 -9999.000000 0.109116 0.109171 0.110712 0.112198 0.112198 0.118163 0.119908 0.119749 0.121507 0.123320 0.125164 0.128497 0.129985 0.131498 0.133022 0.134892 0.134943 0.136474 0.136508 0.147705 0.147741 0.151517 0.155662 0.155162 0.156964 0.158819 0.161227 0.163603 0.166013 0.168446 0.170900 0.173405 0.173405 0.175790 0.175711 0.175711 0.175711 0.178629 0.178675 0.178763 0.178754 0.178754 0.178801 0.179306 0.182526
-9999.000000 -9999.000000 -9999.000000 -9999.000000 -9999.000000 -9999.000000 -9999.000000 -9999.000000 -9999.000000 -9999.000000 -9999.000000 -9999.000000 0.110714 0.110714 0.112246 0.112246 0.113740 0.113740 0.116721 0.119735 0.121507 0.125171 0.127038 0.128498 0.129985 0.131498 0.133352 0.133401 0.134943 0.134960 0.146023 0.146065 0.152162 0.153918 0.155656 0.157415 0.156968 0.158817 0.161227 0.165916 0.168374 0.170846 0.173361 0.173361 0.175870 0.178235 0.178198 0.178198 0.178175 0.181227 0.181207 0.181264 0.181377 0.181377 0.181423 0.181941 0.185230
-9999.000000 -9999.000000 -9999.000000 -9999.000000 -9999.000000 -9999.000000 -9999.000000 -9999.000000 -9999.000000 -9999.000000 -9999.000000 0.109186 0.110714 0.112345 0.113870 0.113870 0.113846 0.115370 0.118401 0.118433 0.123376 0.125180 0.127038 0.128498 0.129981 0.131808 0.131856 0.133401 0.133401 0.144365 0.144404 0.150422 0.152108 0.153884 0.155656 0.157415 0.159215 0.161017 0.163448 0.165871 0.168332 0.170823 0.173361 0.175870 0.178241 0.178130 0.180750 0.180719 0.180719 0.183848 0.183883 0.183883 0.183940 0.184025 0.184053 0.184578 0.187928
-9999.000000 -9999.000000 -9999.000000 -9999.000000 -9999.000000 -9999.000000 -9999.000000 -9999.000000 -9999.000000 -9999.000000 -9999.000000 0.109186 0.110776 0.112345 0.113870 0.115469 0.115469 0.117009 0.120073 0.120073 0.123376 0.125180 0.127039 0.128492 0.130290 0.130326 0.139464 0.141096 0.142726 0.142766 0.148641 0.150346 0.152081 0.153858 0.155644 0.157418 0.159215 0.161046 0.163453 0.165871 0.168151 0.170659 0.173195 0.175715 0.178151 0.180741 0.180711 0.183415 0.183415 0.186607 0.186611 0.186626 0.186651 0.186687 0.186687 0.187223 0.190628
-9999.000000 -9999.000000 -9999.000000 -9999.000000 -9999.000000 -9999.000000 -9999.000000 -9999.000000 -9999.000000 -9999.000000 -9999.000000 -9999.000000 -9999.000000 0.112345 0.113870 0.115469 0.117009 0.118547 0.120073 0.121735 0.120073 0.125182 0.127038 0.128808 0.136281 0.137861 0.139464 0.141096 0.144615 0.146301 0.147988 0.149680 0.151402 0.153169 0.154946 0.156716 0.158505 0.160874 0.163270 0.165679 0.168143 0.170661 0.173195 0.175622 0.178151 0.180715 0.183404 0.183415 0.186162 0.189412 0.189412 0.189403 0.189391 0.189391 0.189878 0.189878 0.190653
-9999.000000 -9999.000000 -9999.000000 -9999.000000 -9999.000000 -9999.000000 -9999.000000 -9999.000000 -9999.000000 -9999.000000 -9999.000000 -9999.000000 -9999.000000 -9999.000000 -9999.000000 -9999.000000 -9999.000000 -9999.000000 -9999.000000 -9999.000000 -9999.000000 -9999.000000 0.127371 0.136086 0.137636 0.139236 0.140847 0.142454 0.144124 0.145824 0.147508 0.149184 0.150903 0.152660 0.154422 0.156182 0.158497 0.160859 0.163262 0.165679 0.168143 0.170455 0.172985 0.175547 0.178124 0.180715 0.183404 0.186154 0.188925 0.188925 0.192228 0.192228 0.192213 0.192764 0.192700 0.193204 0.193238
-9999.000000 -9999.000000 -9999.000000 -9999.000000 -9999.000000 -9999.000000 -9999.000000 -9999.000000 -9999.000000 -9999.000000 -9999.000000 -9999.000000 -9999.000000 -9999.000000 -9999.000000 -9999.000000 -9999.000000 -9999.000000 -9999.000000 -9999.000000 -9999.000000 -9999.000000 0.134164 0.136093 0.137636 0.139231 0.140848 0.142454 0.143607 0.145303 0.146995 0.148690 0.150415 0.152164 0.153918 0.156211 0.158508 0.160859 0.163111 0.165540 0.167992 0.170475 0.172985 0.175460 0.178064 0.180680 0.183388 0.186154 0.188925 0.191680 0.191680 0.195036 0.195036 0.195618 0.195574 0.196097 0.196097
-9999.000000 -9999.000000 -9999.000000 -9999.000000 -9999.000000 -9999.000000 -9999.000000 -9999.000000 -9999.000000 -9999.000000 -9999.000000 -9999.000000 -9999.000000 -9999.000000 -9999.000000 -9999.000000 -9999.000000 -9999.000000 -9999.000000 -9999.000000 -9999.000000 -9999.000000 0.134164 0.136093 0.137208 0.138801 0.140380 0.141979 0.143621 0.145303 0.146995 0.148690 0.149882 0.151635 0.153927 0.156223 0.158508 0.160631 0.163044 0.165481 0.167936 0.170397 0.172888 0.175460 0.178064 0.180680 0.183388 0.186126 0.188925 0.191680 0.194394 0.194371 0.197817 0.198482 0.198482 0.199035 0.198352
-9999.000000 -9999.000000 -9999.000000 -9999.000000 -9999.000000 -9999.000000 -9999.000000 -9999.000000 -9999.000000 -9999.000000 -9999.000000 -9999.000000 -9999.000000 -9999.000000 -9999.000000 -9999.000000 -9999.000000 -9999.000000 -9999.000000 -9999.000000 -9999.000000 -9999.000000 -9999.000000 0.135200 0.137200 0.138801 0.140417 0.142006 0.143642 0.145311 0.146982 0.148151 0.149862 0.151621 0.153928 0.156223 0.158278 0.160631 0.163055 0.165493 0.167947 0.170397 0.172888 0.175439 0.177991 0.180638 0.183332 0.186135 0.188955 0.191680 0.194351 0.197194 0.197194 0.200720 0.200720 0.201287 0.201287
-9999.000000 -9999.000000 -9999.000000 -9999.000000 -9999.000000 -9999.000000 -9999.000000 -9999.000000 -9999.000000 -9999.000000 -9999.000000 -9999.000000 -9999.000000 -9999.000000 -9999.000000 -9999.000000 -9999.000000 -9999.000000 -9999.000000 -9999.000000 -9999.000000 -9999.000000 -9999.000000 0.135174 0.137179 0.138784 0.140404 0.142006 0.141997 0.143656 0.145341 0.147010 0.149353 0.151627 0.153928 0.155978 0.158278 0.160612 0.163042 0.165493 0.167934 0.170420 0.172800 0.175369 0.177991 0.180510 0.183214 0.186025 0.188853 0.191569 0.194351 0.197194 0.200058 0.200058 0.202909 0.203492 0.203492
-9999.000000 -9999.000000 -9999.000000 -9999.000000 -9999.000000 -9999.000000 -9999.000000 -9999.000000 -9999.000000 -9999.000000 -9999.000000 -9999.000000 -9999.000000 -9999.000000 -9999.000000 -9999.000000 -9999.000000 -9999.000000 -9999.000000 -9999.000000 -9999.000000 -9999.000000 -9999.000000 0.135174 0.137179 0.138784 0.140404 0.140360 0.141985 0.143656 0.145336 0.147010 0.149212 0.151417 0.153682 0.155978 0.158254 0.160612 0.163042 0.165459 0.167934 0.167934 0.172693 0.175279 0.177873 0.180403 0.183126 0.185950 0.188790 0.191542 0.194366 0.197204 0.200058 0.202909 0.205672 0.205672 0.203492
-9999.000000 -9999.000000 -9999.000000 -9999.000000 -9999.000000 -9999.000000 -9999.000000 -9999.000000 -9999.000000 -9999.000000 -9999.000000 -9999.000000 -9999.000000 -9999.000000 -9999.000000 -9999.000000 -9999.000000 -9999.000000 -9999.000000 -9999.000000 -9999.000000 -9999.000000 -9999.000000 0.130555 0.135146 0.137185 0.138787 0.140392 0.141985 0.143154 0.144852 0.147026 0.149212 0.151417 0.153683 0.155968 0.158262 0.160599 0.163005 0.165442 0.165445 0.170030 0.172599 0.175198 0.177779 0.180403 0.183038 0.185871 0.188729 0.191542 0.194366 0.197204 0.200058 0.200058 0.205672 0.207820 0.205672
-9999.000000 -9999.000000 -9999.000000 -9999.000000 -9999.000000 -9999.000000 -9999.000000 -9999.000000 -9999.000000 -9999.000000 -9999.000000 -9999.000000 -9999.000000 -9999.000000 -9999.000000 -9999.000000 -9999.000000 -9999.000000 -9999.000000 -9999.000000 -9999.000000 -9999.000000 0.128775 0.128775 0.132487 0.134492 0.138347 0.139930 0.141486 0.142635 0.144844 0.147026 0.149234 0.151456 0.153677 0.155968 0.158107 0.160351 0.162738 0.165105 0.167512 0.170030 0.172599 0.175198 0.175198 0.180306 0.183050 0.185871 0.188729 0.191656 0.194535 0.197377 0.200202 0.203003 0.203003 0.210053 0.210053
-9999.000000 -9999.000000 -9999.000000 -9999.000000 -9999.000000 -9999.000000 -9999.000000 -9999.000000 -9999.000000 -9999.000000 -9999.000000 -9999.000000 -9999.000000 -9999.000000 -9999.000000 -9999.000000 -9999.000000 -9999.000000 -9999.000000 -9999.000000 -9999.000000 -9999.000000 0.126980 0.130666 0.132487 0.134492 0.136505 0.138508 0.140536 0.142654 0.144844 0.147023 0.149234 0.151452 0.161748 0.164183 0.166653 0.160459 0.162822 0.165171 0.167533 0.170101 0.172671 0.175256 0.177814 0.180427 0.183165 0.185962 0.188785 0.191644 0.194539 0.197377 0.200202 0.212346 0.212323 0.212323 0.212326
-9999.000000 -9999.000000 -9999.000000 -9999.000000 -9999.000000 -9999.000000 -9999.000000 -9999.000000 -9999.000000 -9999.000000 -9999.000000 -9999.000000 -9999.000000 -9999.000000 -9999.000000 -9999.000000 -9999.000000 -9999.000000 -9999.000000 -9999.000000 -9999.000000 0.127019 0.128860 0.128860 0.132590 0.134544 0.136505 0.138508 0.140536 0.142654 0.152458 0.154693 0.157014 0.159358 0.161717 0.164165 0.166653 0.169119 0.171350 0.173856 0.176437 0.178992 0.181703 0.184444 0.187153 0.189949 0.183191 0.185962 0.198634 0.201666 0.204695 0.207693 0.210008 0.212342 0.214695 0.214686 0.214686
-9999.000000 -9999.000000 -9999.000000 -9999.000000 -9999.000000 -9999.000000 -9999.000000 -9999.000000 -9999.000000 -9999.000000 -9999.000000 -9999.000000 -9999.000000 -9999.000000 -9999.000000 -9999.000000 -9999.000000 -9999.000000 -9999.000000 -9999.000000 0.227685 0.227722 0.128860 0.130748 0.132590 0.134544 0.134544 0.138508 0.147909 0.150141 0.152458 0.154786 0.157018 0.159358 0.161739 0.164158 0.166636 0.169119 0.171592 0.173848 0.176436 0.179088 0.181771 0.184529 0.187277 0.189949 0.192799 0.195681 0.198652 0.201666 0.204695 0.207543 0.209920 0.212301 0.214695 0.217063 0.217063
-9999.000000 -9999.000000 -9999.000000 -9999.000000 -9999.000000 -9999.000000 -9999.000000 -9999.000000 -9999.000000 -9999.000000 -9999.000000 -9999.000000 -9999.000000 -9999.000000 -9999.000000 -9999.000000 -9999.000000 -9999.000000 0.230946 0.231072 0.231072 0.231128 0.231128 0.231287 0.139651 0.141589 0.143608 0.145714 0.147869 0.150113 0.152445 0.154786 0.157060 0.159384 0.161739 0.164146 0.166619 0.169159 0.169159 0.174103 0.176436 0.179088 0.181784 0.184529 0.187277 0.190019 0.192799 0.195726 0.198694 0.201700 0.205198 0.207543 0.209888 0.212301 0.214655 0.217063 0.219438
-9999.000000 -9999.000000 -9999.000000 -9999.000000 -9999.000000 -9999.000000 -9999.000000 -9999.000000 -9999.000000 -9999.000000 -9999.000000 -9999.000000 -9999.000000 -9999.000000 -9999.000000 -9999.000000 -9999.000000 0.234377 0.234382 0.234382 0.234497 0.234497 0.234586 0.234586 0.139651 0.141589 0.143608 0.145787 0.147960 0.150218 0.152554 0.154904 0.157237 0.159384 0.161739 0.164129 0.166619 0.169159 0.171657 0.174103 0.176675 0.179320 0.181994 0.184709 0.187441 0.190162 0.192922 0.195726 0.198694 0.198694 0.204418 0.207490 0.209890 0.212301 0.214655 0.217063 0.219438
