ASCII/bv_result_3.txt
ncols         489
nrows         533
xllcorner     593175.11526712
yllcorner     2721796.0885475
cellsize      29.615804956512
NODATA_value  -9999
[rows 375 to 399 of 533, columns 171 to 227 of 489]
0.303484 0.490737 0.501130 0.501286 0.501286 0.501438 0.501438 0.443986 0.463971 0.483614 0.504157 0.526239 0.535126 0.558034 0.567463 0.576840 0.586215 0.596172 0.606068 0.606682 0.629730 0.640187 0.650886 0.650886 0.672876 0.684139 0.695703 0.707079 0.707079 0.703184 0.703184 0.697884 0.697884 0.686799 0.675368 0.664583 0.653659 -9999.000000 -9999.000000 -9999.000000 -9999.000000 -9999.000000 -9999.000000 -9999.000000 -9999.000000 -9999.000000 -9999.000000 -9999.000000 -9999.000000 1.000000 1.000000 1.000000 0.979880 0.959877 0.959730 0.939152 0.938340
0.480650 0.501316 0.501360 0.512067 0.512067 0.512067 0.511828 0.444295 0.463971 0.484852 0.504953 0.526424 0.535126 0.558034 0.567463 0.576840 0.586215 0.606068 0.616246 0.616246 0.616246 0.640084 0.650886 0.661642 0.684139 0.695703 0.707079 0.718017 0.718017 0.714106 0.714719 0.709358 0.697884 0.675368 0.675368 0.663831 0.982391 -9999.000000 -9999.000000 -9999.000000 -9999.000000 -9999.000000 -9999.000000 -9999.000000 -9999.000000 -9999.000000 -9999.000000 -9999.000000 -9999.000000 -9999.000000 -9999.000000 1.000000 0.979686 0.959333 0.939269 0.919030 0.918875
0.490808 0.501464 0.512342 0.512342 0.522959 0.522959 0.522706 0.487280 0.464208 0.484852 0.505686 0.526424 0.548745 0.558034 0.567397 0.576837 0.595985 0.615732 0.626262 0.626262 0.626145 0.640154 0.650886 0.650886 0.684139 0.684139 0.695703 0.718017 0.729725 0.725775 0.725775 0.725775 0.709358 0.692700 0.663680 0.663642 0.982391 1.000000 -9999.000000 -9999.000000 -9999.000000 -9999.000000 -9999.000000 -9999.000000 -9999.000000 -9999.000000 -9999.000000 -9999.000000 -9999.000000 1.000000 -9999.000000 1.000000 0.979686 0.959140 0.938732 0.919030 0.816102
0.335865 0.501464 0.512342 0.523209 0.533979 0.533940 0.533940 0.533948 0.508880 0.531189 0.531189 0.505686 0.505686 0.567023 0.576837 0.586519 0.576837 0.625610 0.636461 0.636461 0.636461 0.636461 0.640240 0.672846 0.672846 0.684139 0.706346 0.718017 0.718017 0.741688 0.741688 0.725775 0.709358 0.692746 0.723227 0.738430 0.738420 0.751680 1.000000 -9999.000000 -9999.000000 -9999.000000 -9999.000000 -9999.000000 -9999.000000 -9999.000000 -9999.000000 1.000000 1.000000 1.000000 1.000000 -9999.000000 1.000000 0.979086 0.958076 0.937530 0.832825
0.343089 0.343104 0.460620 0.523026 0.534073 0.545423 0.545524 0.545524 0.552697 0.552697 0.552697 0.531189 0.557573 0.567023 0.576837 0.576837 0.576837 0.625566 0.636461 0.646776 0.646776 0.636461 0.728069 0.728069 0.679638 0.691019 0.706231 0.706170 0.729197 0.741688 0.758254 0.741688 0.758254 0.740563 0.756703 0.726137 0.751680 0.764980 1.000000 1.000000 -9999.000000 -9999.000000 -9999.000000 -9999.000000 -9999.000000 -9999.000000 -9999.000000 0.979888 0.979888 0.979888 0.960262 0.940972 0.921649 0.902198 0.882826 0.864074 0.850565
0.350564 0.350488 0.470482 0.470482 0.534238 0.545611 0.557209 0.557209 0.566539 0.576022 0.552697 0.604206 0.604206 0.604177 0.604299 0.645752 0.656718 0.635795 0.646776 0.657278 0.646776 0.657278 0.740152 0.740244 0.740244 0.691019 0.691019 0.690560 0.729197 0.741688 0.741688 0.775292 0.774847 0.774847 0.756819 0.751265 0.738918 0.751680 0.776945 1.000000 1.000000 -9999.000000 -9999.000000 -9999.000000 -9999.000000 -9999.000000 -9999.000000 -9999.000000 0.960262 0.960262 0.940972 0.921649 0.902198 0.902198 0.882826 0.850794 0.868727
0.357972 0.357972 0.350712 0.480422 0.534238 0.545611 0.557209 0.566539 0.576022 0.585569 0.576022 0.585389 0.614571 0.614571 0.614571 0.645886 0.657051 0.668195 0.668195 0.668325 0.668140 0.668140 0.740152 0.752669 0.752669 0.765020 0.764832 0.764832 0.789190 0.780843 0.775292 0.792929 0.792929 0.774847 0.779701 0.790501 0.764069 0.776945 0.789339 1.000000 0.788588 0.776285 -9999.000000 -9999.000000 -9999.000000 -9999.000000 -9999.000000 0.979508 0.941204 0.940483 0.921149 0.901959 0.901959 0.882795 0.882898 0.850794 0.868938
0.366782 0.365515 0.357972 0.490193 0.500251 0.510841 0.521668 0.530327 0.530327 0.530327 0.595293 0.595293 0.614571 0.624964 0.635123 0.645886 0.657198 0.668502 0.679747 0.679747 0.679484 0.679484 0.740055 0.752669 0.765351 0.778023 0.778023 0.790395 0.802961 0.799292 0.804541 0.805812 0.805842 0.792929 0.803854 0.804620 0.764069 0.789339 0.802026 0.801168 0.788588 0.763709 0.751055 1.000000 1.000000 -9999.000000 1.000000 0.979508 0.959227 0.939234 0.920827 0.901479 0.882572 0.882732 0.642206 0.642206 0.629842
0.373228 0.373263 0.373263 0.371654 0.365712 0.510833 0.521649 0.530327 0.538773 0.585675 0.595293 0.605108 0.614761 0.624785 0.635301 0.646011 0.657198 0.668502 0.679747 0.690940 0.690940 0.696386 0.696386 0.765172 0.778222 0.778222 0.791135 0.803799 0.816539 0.817582 0.817842 0.818876 0.818526 0.817151 0.803854 0.817700 0.818010 0.818010 0.817510 0.817510 0.801168 0.751055 0.751055 0.738446 0.979504 1.000000 1.000000 0.979055 0.958170 0.939234 0.919250 0.642432 0.655973 0.655973 0.655990 0.656312 0.643293
0.379758 0.379758 0.379694 0.373391 0.373391 0.519083 0.529976 0.538773 0.547354 0.585622 0.595342 0.605108 0.614761 0.624785 0.635301 0.646011 0.667539 0.679058 0.690821 0.690821 0.702523 0.702523 0.717446 0.765157 0.778222 0.791135 0.803799 0.816539 0.829275 0.829275 0.829539 0.830587 0.830232 0.830232 0.830956 0.831245 0.831386 0.818010 0.830922 0.817510 0.787833 0.787833 0.735419 0.735419 0.979504 0.979504 0.979055 0.979055 0.958170 0.937631 0.629487 0.642841 0.656304 0.670152 0.670152 0.670152 0.656312
0.379758 0.386206 0.386282 0.379899 0.506075 0.523099 0.512532 0.512532 0.555996 0.566865 0.558071 0.558071 0.555026 0.555026 0.637905 0.652467 0.667539 0.679058 0.690821 0.702523 0.713976 0.702523 0.723617 0.765518 0.778288 0.790952 0.803289 0.816103 0.829275 0.842617 0.842617 0.843340 0.843340 0.830232 0.844211 0.844211 0.844354 0.844354 0.830922 0.817167 0.800550 0.771357 0.771357 0.746862 0.958918 0.958735 0.957999 0.957999 0.957959 0.667217 0.629487 0.642841 0.656304 0.670152 0.683920 0.670152 0.684037
0.392320 0.392666 0.392629 0.386282 0.514657 0.531945 0.523099 0.567281 0.567281 0.576593 0.576593 0.567558 0.567558 0.567558 0.555026 0.652467 0.676107 0.692319 0.708873 0.725214 0.725214 0.729583 0.729583 0.765518 0.778261 0.790676 0.803289 0.790676 0.816103 0.829275 0.856386 0.856386 0.843340 0.817151 0.844211 0.857416 0.857416 0.844354 0.830835 0.816955 0.803042 0.789925 0.761988 0.746862 0.719916 0.705075 0.938816 0.764914 0.761087 0.744926 0.681276 0.681276 0.669239 0.683701 0.698186 0.698186 0.698186
0.398853 0.398952 0.398952 0.392629 0.523099 0.540376 0.540376 0.549556 0.576803 0.576593 0.586352 0.567558 0.580065 0.567558 0.646624 0.661036 0.676485 0.692355 0.708792 0.725214 0.741359 0.741359 0.747584 0.753531 0.766044 0.790676 0.790676 0.777990 0.765292 0.842617 0.842617 0.869959 0.870202 0.873844 0.870934 0.870934 0.844354 0.844354 0.830544 0.816955 0.803412 0.777760 0.749870 0.734806 0.719645 0.781448 0.781448 0.780205 0.778946 0.763195 0.762312 0.696965 0.711797 0.683701 0.698186 0.712719 0.698186
0.405175 0.405175 0.405175 0.386296 0.514657 0.549337 0.549337 0.558522 0.558670 0.586352 0.595882 0.580065 0.592261 0.580065 0.592261 0.661036 0.676485 0.692585 0.708792 0.725214 0.741359 0.747584 0.753779 0.753779 0.778631 0.778631 0.766856 0.750011 0.707088 0.707088 0.869959 0.883814 0.883814 0.887693 0.884407 0.870934 0.857416 0.830544 0.817170 0.803772 0.790787 0.777760 0.762143 0.749870 0.734806 0.798209 0.797174 0.795955 0.795955 0.779246 0.779529 0.732775 0.711797 0.727079 0.727257 0.727257 0.727257
0.411884 0.411884 0.411838 0.411613 0.540401 0.558629 0.558618 0.567942 0.567942 0.567942 0.605841 0.605841 0.605821 0.605821 0.601872 0.666541 0.685213 0.697084 0.708889 0.724702 0.741359 0.741398 0.753779 0.766044 0.766044 0.766856 0.766856 0.754578 0.722377 0.722377 0.883814 0.898195 0.883814 0.901425 0.898240 0.884407 0.896504 0.817170 0.817170 0.803772 0.790649 0.777760 0.749870 0.798460 0.814275 0.814275 0.814145 0.813228 0.796210 0.796210 0.789407 0.748395 0.748550 0.742047 0.742047 0.742047 0.727257
0.392025 0.418777 0.418777 0.418568 0.549540 0.558719 0.568168 0.568168 0.577642 0.586884 0.605990 0.616294 0.616294 0.616112 0.616112 0.605769 0.677823 0.689474 0.701188 0.713091 0.729238 0.741398 0.747675 0.753779 0.754057 0.755260 0.754578 0.754578 0.738445 0.722377 0.864634 0.883814 0.912632 0.915266 0.912032 0.911074 0.896504 0.881950 0.803772 0.803772 0.775021 0.759340 0.782545 0.798460 0.814275 0.830670 0.830670 0.830147 0.813228 0.796210 0.808249 0.766403 0.766403 0.759073 0.758204 0.742047 -9999.000000
0.408619 0.425583 0.418777 0.425429 0.549540 0.558719 0.568168 0.577642 0.587208 0.596700 0.605990 0.616294 0.626554 0.626554 0.616112 0.616277 0.677941 0.689474 0.689973 0.713091 0.729238 0.712718 0.724469 0.747675 0.748538 0.743839 0.738925 0.738445 0.722048 0.722377 0.590309 0.600193 0.927276 0.928356 0.926036 0.926036 0.911074 0.881950 0.874530 0.790666 0.775021 0.759340 0.744030 0.830765 0.847754 0.830307 0.846984 0.846984 0.846361 0.846361 0.826959 0.766403 0.783965 0.776028 0.775344 0.758204 0.725318
0.425583 0.432240 0.432240 0.425429 0.432276 0.558719 0.568168 0.568168 0.587208 0.596700 0.606605 0.616716 0.626554 0.636608 0.626554 0.646344 0.656546 0.678486 0.689973 0.701717 0.701717 0.724469 0.736285 0.736285 0.724447 0.731763 0.722497 0.722048 0.722048 0.605255 0.605255 0.610111 0.941740 0.941633 0.940361 0.926036 0.911123 0.924338 0.909444 0.909260 0.775021 0.759340 0.947003 0.847754 0.865309 0.865423 0.846984 0.864135 0.864135 0.846361 0.801427 0.801491 0.801730 0.788531 0.788531 0.775344 0.751563
0.425319 0.432240 0.439043 0.439282 0.439282 0.439158 0.558724 0.558724 0.577583 0.587208 0.606594 0.616716 0.616716 0.636608 0.646728 0.657010 0.667658 0.667658 0.690085 0.701717 0.712911 0.724469 0.724469 0.724447 0.724447 0.712555 0.715371 0.706406 0.604974 0.605255 0.615190 0.619729 0.955208 0.955100 0.954799 0.954799 0.939667 0.924746 0.924746 0.975178 0.975178 0.966581 0.947003 0.864295 0.882249 0.882820 0.882820 0.882820 0.864641 0.819800 0.819800 0.819800 0.819800 0.801730 -9999.000000 0.775344 0.850980
0.418407 0.425319 0.446107 0.446107 0.446278 0.446278 0.439158 0.567943 0.567943 0.596460 0.596907 0.606937 0.626676 0.626676 0.636608 0.657010 0.667658 0.678622 0.690063 0.701717 0.701717 0.718327 -9999.000000 0.718245 0.718245 0.718313 0.706835 0.591321 0.604974 0.615190 0.625088 0.628593 0.969875 0.969875 0.969459 0.969459 0.954799 0.939858 -9999.000000 0.983844 0.975223 0.975223 0.966503 0.864259 0.882249 0.900264 0.900264 0.882820 0.845521 0.835848 0.835848 0.835848 1.000000 1.000000 -9999.000000 0.870548 0.870191
0.418372 0.438539 0.446107 0.453366 0.453258 0.453258 0.453198 0.559631 0.559484 0.577150 0.587010 0.596907 0.616778 0.626500 0.646728 0.657010 0.667658 0.667658 0.690063 0.690063 0.690165 0.712146 0.712146 0.706379 0.706835 0.706835 1.000000 0.599781 0.614800 0.625088 0.635145 0.637582 0.984878 0.969875 0.984457 0.969459 0.954799 0.924746 -9999.000000 1.000000 0.983844 0.975223 0.975099 0.935842 0.918309 0.918309 0.900264 0.883398 0.862073 0.852210 0.852210 0.835848 0.818636 0.801468 -9999.000000 0.885339 0.885073
0.431445 0.438539 0.445834 0.453030 0.460670 0.460670 0.460670 0.568959 0.568959 0.578217 0.587010 0.606923 0.606923 0.606923 0.636411 0.646451 0.667612 0.678678 0.678528 0.678683 0.678683 0.585756 0.595439 0.605079 0.614913 0.614913 -9999.000000 0.609636 0.614800 0.635145 0.645431 0.646701 1.000000 1.000000 0.984457 0.968578 0.952657 0.936967 -9999.000000 1.000000 0.991728 0.983617 0.975099 0.954939 0.935842 0.900264 0.900264 0.868893 0.868893 0.868893 0.852210 0.834662 0.821600 0.783569 0.908880 0.899745 0.899745
0.424714 0.438475 0.445834 0.460519 0.460519 0.468166 0.475634 0.483249 0.578217 0.587615 0.596988 0.597027 0.531329 0.531329 0.540116 0.540116 0.540072 0.548217 0.548217 0.548217 0.667222 0.575946 0.585756 0.604127 0.614913 0.624898 0.634493 0.644614 0.655345 0.655345 0.655789 0.655950 -9999.000000 0.828168 0.815014 0.952657 0.936967 0.936967 -9999.000000 1.000000 0.991728 0.983446 0.975069 0.954946 0.918309 0.872147 0.889994 0.889994 0.875938 0.868893 0.855070 0.841348 0.908880 0.928471 0.908880 0.913415 0.914448
0.417803 0.438475 0.452839 0.460519 0.468166 0.475634 0.483249 0.490957 0.498615 0.506392 0.514450 0.522629 0.531329 0.540304 0.540304 0.549292 0.549292 0.548217 0.557340 0.548217 0.538834 0.575965 0.594052 0.604127 0.614154 0.624009 0.634182 0.644614 0.655345 0.666017 0.666017 0.666291 1.000000 0.841293 0.841293 0.841293 0.833953 0.928977 -9999.000000 0.975114 0.983446 0.975114 0.975069 0.954961 0.872147 0.889994 0.907725 0.889994 0.922057 0.921449 0.920939 0.920939 0.913929 0.928471 0.943258 0.928489 0.928489
0.453992 0.445248 0.452839 0.452892 0.460519 0.537899 0.539793 0.490786 0.498322 0.506392 0.498322 0.522629 0.531242 0.540304 0.549221 0.558284 0.558284 0.567243 0.566696 0.557340 0.557131 0.584198 0.594107 0.604171 0.614154 0.614154 0.624009 0.644492 0.655345 0.666017 0.676811 0.676811 1.000000 -9999.000000 0.855133 0.841293 1.000000 -9999.000000 0.874441 0.870975 0.975114 0.975114 0.955195 0.861998 0.876287 0.893745 0.907725 0.922057 0.936321 0.936321 0.936136 0.920939 0.936049 0.958715 0.958956 0.958956 0.943935
