ASCII/bv_result_2.txt
ncols         489
nrows         533
xllcorner     593175.11526712
yllcorner     2721796.0885475
cellsize      29.615804956512
NODATA_value  -9999
[rows 275 to 299 of 533, columns 171 to 227 of 489]
0.000057 0.000061 0.000066 0.000066 0.000065 0.000065 0.000065 0.000065 0.000065 0.000064 0.000064 0.000064 0.000059 0.000056 0.000053 0.000053 0.000050 0.000050 0.000048 0.000045 0.000043 0.000040 0.000036 0.000133 0.000133 0.000133 0.000124 0.000115 0.000107 0.008840 0.008840 0.008824 0.009467 0.010142 0.010134 0.010863 0.010856 0.010845 0.013468 0.013468 0.012481 0.012481 0.012481 0.012504 0.012562 0.015743 0.015726 0.015719 0.015719 0.016928 0.018209 0.018223 0.017068 0.017069 0.018401 0.017102 0.018425
0.000033 0.000036 0.000039 0.000042 0.000045 0.000048 0.000052 0.000056 0.000060 0.000060 0.000060 0.000060 0.000056 0.000053 0.000050 0.000050 0.000047 0.000047 0.000045 0.000043 0.000040 0.000040 0.000033 0.000124 0.000124 0.000124 0.000124 0.000115 0.008244 0.009521 0.009520 0.009520 0.010227 0.010962 0.010956 0.011745 0.011739 0.011725 0.012607 0.014558 0.013485 0.013485 0.013501 0.013501 0.013502 0.016959 0.016957 0.016967 0.016967 0.018274 0.019657 0.019669 0.019669 0.018392 0.018366 0.019797 0.018425
0.000033 0.000036 0.000039 0.000042 0.000045 0.000048 0.000048 0.000052 0.000056 0.000056 0.000042 0.000044 0.000047 0.000050 0.000047 0.000047 0.000045 0.000045 0.000042 0.000039 0.000038 0.000038 0.000107 0.000116 0.000116 0.000116 0.000116 0.000108 0.008850 0.009527 0.010265 0.010265 0.011034 0.011833 0.011833 0.012693 0.012693 0.012683 0.013641 0.015755 0.014585 0.014588 0.014581 0.014581 0.014546 0.015790 0.018302 0.018302 0.018291 0.019697 0.021199 0.021199 0.021198 0.021220 0.019808 0.019804 0.021368
0.000033 0.000036 0.000036 0.000039 0.000045 0.000045 0.000045 0.000048 0.000052 0.000052 0.000042 0.000044 0.000044 0.000047 0.000047 0.000045 0.000042 0.000039 0.000036 0.000033 0.000037 0.000100 0.000107 0.000107 0.000108 0.000108 0.008291 0.008242 0.008848 0.009527 0.010265 0.011034 0.011854 0.012752 0.012755 0.012755 0.013693 0.013693 0.014738 0.017016 0.015743 0.015743 0.015743 0.015703 0.015703 0.017032 0.017034 0.019746 0.019746 0.019731 0.021260 0.022889 0.022889 0.022877 0.022914 0.021399 0.021399
0.000033 0.000033 0.000036 0.000042 0.000042 0.000042 0.000041 0.000041 0.000048 0.000039 0.000039 0.000042 0.000041 0.000045 0.000045 0.000042 0.000039 0.000036 0.000036 0.000033 0.000031 0.006193 0.006665 0.007174 0.007717 0.008291 0.008883 0.008242 0.008848 0.009520 0.010248 0.011010 0.011852 0.012773 0.013747 0.013747 0.014771 0.014766 0.015880 0.018310 0.018310 0.016951 0.016951 0.016951 0.015708 0.015723 0.018380 0.018391 0.021329 0.021329 0.022989 0.022911 0.024755 0.024743 0.024775 0.024775 0.023106
0.000031 0.000031 0.000033 0.000039 0.000039 0.000039 0.000039 0.000038 0.000036 0.000036 0.000039 0.000038 0.000041 0.000041 0.000041 0.000039 0.000036 0.000036 0.000033 0.000031 0.000031 0.006197 0.006665 0.007140 0.007687 0.008263 0.008263 0.009510 0.010218 0.009517 0.010241 0.011010 0.011852 0.012773 0.013747 0.014792 0.015917 0.015917 0.017113 0.019744 0.019744 0.019721 0.018297 0.016963 0.016963 0.016969 0.018408 0.019854 0.019874 0.023053 0.024848 0.024775 0.026788 0.026788 0.026791 0.026791 0.024948
0.000056 0.000056 0.000056 0.000056 0.000056 0.000036 0.000036 0.000057 0.000053 0.000036 0.000036 0.000036 0.000038 0.000038 0.000038 0.000036 0.000033 0.000033 0.000071 0.000071 0.000071 0.000072 0.000072 0.007143 0.007687 0.008263 0.008867 0.009510 0.010218 0.010984 0.011822 0.012741 0.011874 0.012790 0.013750 0.014792 0.015917 0.017113 0.018402 0.019744 0.021293 0.021293 0.019768 0.018332 0.018332 0.015778 0.018426 0.019888 0.021451 0.021451 0.024867 0.026839 0.026788 0.028963 0.028963 0.026791 0.026930
0.000060 0.000061 0.000061 0.000061 0.000061 0.000061 0.000061 0.000057 0.000053 0.000033 0.000033 0.000033 0.000036 0.000036 0.000033 0.000033 0.000072 0.000077 0.000077 0.000077 0.000077 0.000077 0.000077 0.000077 0.007687 0.008263 0.008263 0.009490 0.010203 0.010968 0.011822 0.012746 0.013734 0.014774 0.015897 0.017111 0.018404 0.018404 0.019764 0.019764 0.021293 0.022945 0.021293 0.019768 0.018332 0.016996 0.018426 0.019888 0.021451 0.023087 0.024867 0.026839 0.028963 0.031129 0.031129 0.028992 0.031126
0.000065 0.000065 0.000065 0.000065 0.000065 0.000065 0.000065 0.000065 0.000060 0.000031 0.000031 0.000031 0.000033 0.000031 0.000067 0.000072 0.000077 0.000077 0.000083 0.000083 0.000083 0.000083 0.000083 0.000083 0.000083 0.000083 0.000083 0.000083 0.000083 0.010968 0.011817 0.012746 0.013734 0.014774 0.015897 0.017111 0.018404 0.019784 0.021311 0.021295 0.024711 0.024711 0.024711 0.024669 0.024625 0.024625 0.018534 0.019975 0.021502 0.023087 0.028717 0.031005 0.033459 0.033459 0.031142 0.031191 0.033510
0.000065 0.000071 0.000071 0.000071 0.000070 0.000070 0.000070 0.000070 0.000070 0.000070 0.000070 0.000070 0.000062 0.000062 0.000066 0.000071 0.000077 0.000083 0.000083 0.000090 0.000090 0.000090 0.000090 0.000089 0.000089 0.000089 0.000089 0.000089 0.000089 0.000083 0.011827 0.012753 0.013742 0.014787 0.015910 0.017111 0.018384 0.019784 0.021309 0.022971 0.022971 0.026641 0.026641 0.026624 0.026602 0.026602 0.024696 0.022982 0.024717 0.026582 0.028703 0.031005 0.033459 0.035966 0.033459 0.033510 0.036022
0.000071 0.000071 0.000076 0.000076 0.000076 0.000076 0.000076 0.000076 0.000076 0.000075 0.000076 0.000058 0.000062 0.000067 0.000067 0.000083 0.000077 0.000083 0.000090 0.000090 0.000097 0.000097 0.000090 0.000096 0.000096 0.000096 0.000096 0.000096 0.000089 0.000083 0.011827 0.012753 0.013742 0.014787 0.015910 0.017073 0.018349 0.019762 0.021309 0.022971 0.024749 0.026641 0.028676 0.028676 0.028676 0.026641 0.024722 0.032663 0.026578 0.028686 0.028686 0.033341 0.035966 0.038603 0.038572 0.038572 0.038790
0.000071 0.000076 0.000082 0.000082 0.000082 0.000082 0.000082 0.000081 0.000081 0.000082 0.000082 0.000062 0.000067 0.000072 0.000072 0.000072 0.000089 0.000083 0.000090 0.000097 0.000104 0.000097 0.000104 0.000096 0.000104 0.000104 0.000104 0.000104 0.000104 0.000096 0.011832 0.012750 0.013671 0.014727 0.015857 0.017073 0.018365 0.019765 0.021323 0.022998 0.024765 0.026655 0.028676 0.030760 0.028676 0.026641 0.035193 0.035175 0.035175 0.028686 0.030904 0.033301 0.035916 0.038612 0.041474 0.041474 0.041689
0.000070 0.000076 0.000082 0.000088 0.000088 0.000088 0.000082 0.000088 0.000088 0.000088 0.000088 0.000067 0.000067 0.000072 0.000078 0.000078 0.000096 0.000096 0.000097 0.000104 0.000111 0.000111 0.000111 0.000111 0.000104 0.000111 0.000111 0.000111 0.000104 0.000111 0.000104 0.000104 0.013677 0.014742 0.015872 0.017073 0.018365 0.019765 0.021308 0.022998 0.024765 0.026655 0.030760 0.033084 0.033084 0.037924 0.037924 0.037809 0.037878 0.030814 0.033134 0.033286 0.035883 0.038612 0.041474 0.044454 0.044639
0.000070 0.000088 0.000095 0.000095 0.000095 0.000095 0.000095 0.000095 0.000095 0.000095 0.000095 0.000095 0.000072 0.000072 0.000078 0.000084 0.000096 0.000104 0.000111 0.000111 0.000120 0.000120 0.000120 0.000120 0.000120 0.000120 0.000120 0.000120 0.000120 0.000120 0.000112 0.000112 0.000112 0.014767 0.015872 0.017071 0.017071 0.019745 0.021308 0.021308 0.024728 0.030548 0.032975 0.035559 0.035559 0.040857 0.040771 0.040699 0.040699 0.040765 0.033134 0.035680 0.038433 0.041366 0.044454 0.047642 0.047642
0.000081 0.000088 0.000095 0.000102 0.000102 0.000103 0.000103 0.000102 0.000102 0.000102 0.000102 0.000102 0.000068 0.000078 0.000084 0.000090 0.000096 0.000104 0.000111 0.000120 0.000120 0.000129 0.000129 0.000129 0.000129 0.000129 0.000129 0.000129 0.000129 0.000129 0.000121 0.000121 0.000121 0.000121 0.015887 0.015887 0.015857 0.019740 0.021249 0.022922 0.028333 0.030548 0.032924 0.035559 0.038239 0.043970 0.043970 0.043919 0.043919 0.043882 0.043898 0.035733 0.038458 0.041366 0.041425 0.044454 0.050913
0.000094 0.000102 0.000095 0.000102 0.000111 0.000111 0.000110 0.000110 0.000110 0.000110 0.000110 0.000110 0.000073 0.000078 0.000084 0.000084 0.000096 0.000103 0.000111 0.000120 0.000129 0.000129 0.000140 0.000140 0.000140 0.000140 0.000140 0.000139 0.000139 0.000139 0.000139 0.000130 0.000131 0.000131 0.000121 0.014776 0.014745 0.019722 0.021249 0.026276 0.028331 0.030477 0.035367 0.038225 0.041197 0.041197 0.047380 0.047380 0.047279 0.047279 0.047151 0.047207 0.050810 0.054629 0.050832 0.054583 0.054727
0.000118 0.000102 0.000110 0.000119 0.000119 0.000119 0.000119 0.000119 0.000119 0.000119 0.000119 0.000119 0.000110 0.000073 0.000078 0.000090 0.000139 0.000149 0.000129 0.000139 0.000150 0.000140 0.000151 0.000151 0.000151 0.000151 0.000151 0.000151 0.000150 0.000150 0.000150 0.000140 0.000140 0.000131 0.000140 0.000130 0.022637 0.024334 0.026201 0.028229 0.030406 0.032756 0.035367 0.038125 0.041197 0.044397 0.047679 0.050942 0.050942 0.050942 0.050769 0.050789 0.050789 0.058668 0.058816 0.058822 0.058822
0.000118 0.000128 0.000110 0.000119 0.000128 0.000128 0.000128 0.000128 0.000128 0.000128 0.000128 0.000119 0.000119 0.000110 0.000103 0.000161 0.000161 0.000161 0.000161 0.000139 0.000150 0.000162 0.000151 0.000162 0.000162 0.000162 0.000162 0.000162 0.000151 0.000161 0.000150 0.000151 0.000151 0.000151 0.000140 0.000130 0.022662 0.024334 0.026220 0.028247 0.030424 0.032756 0.035252 0.038076 0.041203 0.044397 0.047679 0.051043 0.054762 0.054762 0.054697 0.054697 0.063266 0.063301 0.063326 0.063499 0.063499
0.000118 0.000128 0.000138 0.000138 0.000139 0.000139 0.000138 0.000138 0.000138 0.000138 0.000138 0.000128 0.000119 0.000127 0.000173 0.000172 0.000174 0.000174 0.000174 0.000174 0.000150 0.000162 0.000175 0.000162 0.000175 0.000175 0.000175 0.000162 0.000174 0.000175 0.000162 0.000162 0.000163 0.000151 0.000140 0.000130 0.000140 0.024369 0.026220 0.028247 0.030352 0.032709 0.035193 0.038065 0.041203 0.044397 0.044397 0.051043 0.054778 0.058944 0.058944 0.068265 0.068217 0.068383 0.068428 0.068428 0.068569
0.000118 0.000127 0.000138 0.000149 0.000149 0.000149 0.000149 0.000149 0.000149 0.000149 0.000138 0.000147 0.000137 0.000138 0.000187 0.000187 0.000188 0.000188 0.000188 0.000188 0.000188 0.000188 0.000174 0.000188 0.000188 0.000188 0.000175 0.000187 0.000174 0.000188 0.000175 0.000175 0.000175 0.000175 0.000162 0.000151 0.000140 0.024369 0.026221 0.028153 0.030352 0.030352 0.035185 0.038065 0.041119 0.041189 0.041189 0.050750 0.054669 0.058933 0.063455 0.063379 0.073745 0.073742 0.073906 0.073906 0.073984
0.000118 0.000127 0.000138 0.000149 0.000161 0.000161 0.000161 0.000161 0.000161 0.000149 0.000160 0.000159 0.000148 0.000149 0.000202 0.000201 0.000188 0.000203 0.000203 0.000203 0.000203 0.000203 0.000203 0.000188 0.000203 0.000188 0.000202 0.000188 0.000188 0.000203 0.000189 0.000189 0.000189 0.000175 0.000162 0.000151 0.000140 0.000130 0.026201 0.028166 0.028161 0.032650 0.035197 0.035255 0.038132 0.038165 0.047070 0.050664 0.054669 0.058887 0.063428 0.068441 0.068441 0.079664 0.079664 0.079776 0.079776
0.000118 0.000128 0.000138 0.000149 0.000161 0.000173 0.000173 0.000173 0.000161 0.000172 0.000172 0.000172 0.000160 0.000160 0.000217 0.000217 0.000217 0.000217 0.000219 0.000219 0.000219 0.000219 0.000219 0.000219 0.000219 0.000218 0.000218 0.000202 0.000202 0.000219 0.000204 0.000204 0.000189 0.000175 0.000163 0.000151 0.000140 0.000130 0.026201 0.028214 0.030349 0.032697 0.030258 0.032694 0.035350 0.043413 0.046860 0.050589 0.054617 0.058887 0.063428 0.068441 0.073896 0.079664 0.086030 0.086030 0.079871
0.000137 0.000128 0.000138 0.000149 0.000161 0.000173 0.000187 0.000173 0.000186 0.000185 0.000185 0.000185 0.000172 0.000172 0.000148 0.000234 0.000217 0.000234 0.000234 0.000236 0.000236 0.000237 0.000236 0.000236 0.000236 0.000235 0.000235 0.000218 0.000235 0.000235 0.000219 0.000204 0.000189 0.000175 0.000163 0.000151 0.000140 0.000130 0.000121 0.027878 0.029996 0.032234 0.034516 0.037213 0.040209 0.043413 0.046724 0.050468 0.054488 0.058784 0.063387 0.068420 0.073896 0.079798 0.086030 0.092441 0.086030
0.000137 0.000149 0.000138 0.000149 0.000186 0.000201 0.000201 0.000201 0.000200 0.000200 0.000200 0.000200 0.000186 0.000160 0.000228 0.000175 0.000252 0.000234 0.000253 0.000253 0.000255 0.000255 0.000254 0.000254 0.000254 0.000254 0.000235 0.000253 0.000253 0.000235 0.000219 0.000204 0.000189 0.000175 0.000163 0.000151 0.000140 0.000130 0.025834 0.027798 0.029927 0.032232 0.034733 0.037213 0.040209 0.043124 0.046587 0.050333 0.054344 0.058672 0.063346 0.068420 0.073930 0.079909 0.086168 0.092441 0.099182
0.000149 0.000160 0.000160 0.000173 0.000186 0.000201 0.000217 0.000217 0.000217 0.000216 0.000216 0.000216 0.000201 0.000173 0.000247 0.000189 0.000189 0.000273 0.000253 0.000273 0.000273 0.000275 0.000274 0.000274 0.000274 0.000273 0.000273 0.000273 0.000273 0.000272 0.000252 0.000234 0.000189 0.000175 0.000163 0.000151 0.000140 0.000130 0.025865 0.027786 0.029927 0.032232 0.034733 0.037399 0.039949 0.043124 0.046587 0.050333 0.054344 0.058672 0.063346 0.068382 0.073930 0.079909 0.085899 0.092564 0.099182
