ASCII/bv_result_2.txt
ncols         489
nrows         533
xllcorner     593175.11526712
yllcorner     2721796.0885475
cellsize      29.615804956512
NODATA_value  -9999
[rows 125 to 149 of 533, columns 114 to 170 of 489]
0.002247 0.002233 0.002404 0.002404 0.002404 0.002402 0.002404 0.002408 0.005453 0.006334 0.006834 0.007021 0.007556 0.008154 0.008777 0.009457 0.010212 0.011017 0.011865 0.012809 0.013823 0.014932 0.016106 0.017370 0.018727 0.020128 0.021685 0.023319 0.025064 0.026900 0.028977 0.031277 0.033773 0.033773 0.039116 0.042007 0.045145 0.045145 0.045145 0.055542 0.059952 0.064600 0.069477 0.074668 0.074668 0.077529 0.077288 0.083058 0.089405 0.096234 0.103442 0.111151 0.111151 0.123616 0.128265 0.138181 0.130465
0.002080 0.002070 0.002225 0.002225 0.002225 0.002223 0.002225 0.005050 0.005866 0.006330 0.006503 0.006999 0.007553 0.008128 0.008756 0.009457 0.010204 0.010990 0.011865 0.012835 0.013861 0.014950 0.016123 0.017364 0.018664 0.020128 0.021685 0.023319 0.024962 0.026896 0.029008 0.031277 0.033773 0.036416 0.039116 0.039116 0.039116 0.036444 0.041973 0.046326 0.050026 0.053912 0.057928 0.062115 0.066753 0.071864 0.077370 0.083148 0.089361 0.096071 0.103359 0.103359 0.103519 0.119246 0.128274 0.116228 0.125232
0.001925 0.001918 0.002063 0.002062 0.002061 0.002061 0.002063 0.005436 0.005863 0.006023 0.006484 0.006969 0.007526 0.008116 0.008757 0.009448 0.010175 0.010984 0.011874 0.012823 0.013861 0.013884 0.014982 0.016153 0.017416 0.018783 0.020250 0.021785 0.024931 0.026880 0.029008 0.031311 0.033773 0.034054 0.036565 0.036444 0.036444 0.035064 0.043195 0.046335 0.050026 0.053876 0.057928 0.062115 0.066753 0.071864 0.077370 0.077370 0.083140 0.095927 0.095942 0.095942 0.096189 0.100515 0.108094 0.116228 0.125232
0.001784 0.001778 0.001915 0.001915 0.001916 0.001916 0.005052 0.005184 0.005582 0.006007 0.006455 0.006969 0.007524 0.008124 0.008757 0.009429 0.010170 0.010992 0.011854 0.011859 0.012823 0.013884 0.014982 0.016130 0.017399 0.018783 0.020252 0.021826 0.023455 0.025201 0.027188 0.029330 0.031615 0.034054 0.034054 0.033964 0.035064 0.037576 0.040362 0.046542 0.050238 0.050238 0.054171 0.062157 0.066756 0.071823 0.071834 0.071834 0.077227 0.089078 0.089052 0.089245 0.093297 0.100515 0.108094 0.116259 0.125174
0.000724 0.001656 0.001774 0.001774 0.001778 0.001779 0.004799 0.005173 0.005573 0.005983 0.006456 0.006965 0.007524 0.007524 0.008738 0.009423 0.010177 0.010976 0.011014 0.011914 0.012884 0.013837 0.014938 0.016124 0.017399 0.018765 0.020241 0.021826 0.023492 0.025248 0.027209 0.029330 0.031615 0.031615 0.031633 0.032618 0.035064 0.037576 0.040362 0.043475 0.050238 0.054171 0.058111 0.058111 0.066765 0.066713 0.066721 0.071771 0.077005 0.082750 0.082930 0.082930 0.093162 0.100260 0.100260 0.107924 0.121052
0.000673 0.000624 0.001643 0.001646 0.001646 0.004452 0.004799 0.005173 0.005553 0.005985 0.006455 0.006970 0.007525 0.008120 0.008756 0.009436 0.010164 0.010205 0.011025 0.011914 0.011914 0.013817 0.014938 0.016132 0.017399 0.018754 0.020227 0.021813 0.023492 0.025282 0.027209 0.029346 0.029351 0.029351 0.030296 0.032585 0.035040 0.037615 0.040341 0.043475 0.046899 0.050503 0.054171 0.050503 0.047127 0.062132 0.066769 0.071723 0.077005 0.077164 0.077164 0.086542 0.092947 0.092889 0.100054 0.116660 0.121052
0.000624 0.000624 0.003555 0.003831 0.004131 0.004449 0.004788 0.005154 0.005556 0.005985 0.006460 0.006446 0.006957 0.007510 0.008098 0.008730 0.009415 0.010163 0.010977 0.011852 0.012794 0.013828 0.014958 0.016158 0.017412 0.018759 0.020227 0.021836 0.023535 0.025341 0.027250 0.027267 0.026208 0.028163 0.030279 0.032585 0.034962 0.037642 0.040517 0.043555 0.046899 0.046899 0.050503 0.047127 0.047127 0.062132 0.066769 0.066769 0.071727 0.071727 0.071684 0.080441 0.086394 0.093271 0.100558 0.108412 0.116714
0.000578 0.000578 0.003555 0.003831 0.003848 0.004150 0.004459 0.004795 0.005153 0.005545 0.005977 0.006446 0.006957 0.007510 0.008098 0.007254 0.007828 0.008456 0.009144 0.009849 0.010624 0.011479 0.012421 0.013420 0.014450 0.015563 0.016774 0.018080 0.019489 0.020999 0.022589 0.024282 0.026132 0.028113 0.030253 0.032485 0.034962 0.037642 0.040517 0.043555 0.043549 0.046920 0.046920 0.043868 0.057805 0.062132 0.062241 0.062241 0.066743 0.066743 0.066517 0.080313 0.080313 0.051062 0.055166 0.059507 0.059507
0.000537 0.002557 0.002754 0.002972 0.003848 0.004150 0.004466 0.004795 0.005153 0.005545 0.005977 0.005376 0.005804 0.006264 0.006756 0.007292 0.007824 0.008456 0.009144 0.009867 0.010624 0.011492 0.012439 0.013440 0.014462 0.015578 0.016789 0.018080 0.019459 0.020978 0.022589 0.024286 0.026123 0.028113 0.030253 0.032530 0.034997 0.037661 0.040517 0.040517 0.040501 0.037865 0.040798 0.053800 0.053800 0.057805 0.057891 0.057902 0.062045 0.062045 0.043928 0.047280 0.050904 0.051062 0.055166 0.059507 0.064048
0.002373 0.002557 0.002755 0.002972 0.003208 0.003455 0.003717 0.003996 0.003996 0.004294 0.004970 0.005380 0.005804 0.006264 0.006746 0.007292 0.007880 0.008518 0.009208 0.009932 0.010701 0.011574 0.012440 0.013431 0.014452 0.015572 0.016780 0.018059 0.019444 0.020963 0.022586 0.024286 0.026123 0.028103 0.030261 0.032552 0.034997 0.037661 0.037606 0.037606 0.037562 0.037865 0.037865 0.049948 0.049931 0.053734 0.053734 0.053760 0.057658 0.038068 0.038092 0.047280 0.050967 0.054957 0.059339 0.063980 0.068791
0.002369 0.002556 0.002755 0.002972 0.003207 0.003455 0.003717 0.003996 0.004299 0.004637 0.004637 0.005368 0.005788 0.006246 0.006746 0.007287 0.007880 0.008514 0.009196 0.009921 0.010710 0.011574 0.012526 0.012526 0.014489 0.015614 0.016826 0.018108 0.019456 0.020963 0.022629 0.024352 0.026165 0.028103 0.030206 0.032552 0.034990 0.034990 0.034885 0.034834 0.035056 0.035056 0.035085 0.046326 0.028565 0.030740 0.030740 0.035473 0.038068 0.040972 0.040972 0.047336 0.050967 0.054998 0.059339 0.063942 0.068774
0.002369 0.002556 0.002755 0.002972 0.002972 0.003448 0.003717 0.003992 0.004300 0.004637 0.005006 0.005392 0.005788 0.006246 0.006746 0.007292 0.007881 0.008514 0.009187 0.009921 0.010710 0.011580 0.012526 0.013510 0.014524 0.015616 0.016827 0.018108 0.019485 0.020979 0.022595 0.024322 0.026141 0.028056 0.030206 0.030206 0.032454 0.032415 0.032291 0.032242 0.032446 0.032494 0.042990 0.026489 0.028529 0.030740 0.033059 0.035473 0.038136 0.040972 0.043983 0.047336 0.051048 0.055048 0.059361 0.063941 0.068774
0.002368 0.002552 0.002752 0.002750 0.003191 0.003448 0.003695 0.003986 0.004300 0.004641 0.005006 0.005392 0.005805 0.006257 0.006754 0.007296 0.007881 0.008502 0.009187 0.009919 0.010708 0.011570 0.012515 0.013510 0.014524 0.015630 0.016824 0.018106 0.019494 0.020991 0.022595 0.024322 0.026141 0.026141 0.026051 0.028005 0.030131 0.028005 0.025998 0.024139 0.030096 0.022718 0.024534 0.026456 0.028529 0.030740 0.033059 0.035473 0.035473 0.040972 0.040972 0.055154 0.057231 0.059380 0.061625 0.063941 0.068774
0.002369 0.002552 0.002549 0.002953 0.003168 0.003424 0.003695 0.003986 0.004300 0.004641 0.005006 0.005392 0.005805 0.006257 0.006752 0.007296 0.007868 0.008502 0.009187 0.009919 0.010706 0.011570 0.012515 0.012515 0.014497 0.015630 0.016824 0.018106 0.019448 0.020978 0.022605 0.024327 0.024338 0.024338 0.026051 0.026051 0.028005 0.025998 0.024139 0.022437 0.021244 0.022967 0.024803 0.026671 0.026670 0.028718 0.030828 0.033036 0.038116 0.038116 0.053171 0.055154 0.057231 0.059380 0.061625 0.063846 0.063846
0.002374 0.002368 0.002741 0.002934 0.003168 0.003423 0.003696 0.003984 0.004296 0.004634 0.004995 0.005382 0.005801 0.006253 0.006752 0.007284 0.007871 0.008497 0.009172 0.009905 0.010705 0.011573 0.011574 0.011574 0.014497 0.015616 0.015616 0.018029 0.019448 0.020978 0.022605 0.022605 0.022633 0.022620 0.024196 0.024190 0.025980 0.025980 0.024097 0.019705 0.021251 0.022967 0.024826 0.026759 0.028745 0.030892 0.033150 0.035590 0.047793 0.051317 0.053172 0.055153 0.057218 0.059364 0.061502 0.059187 0.059187
0.000679 0.000679 0.002726 0.002936 0.003169 0.003423 0.003696 0.003985 0.004294 0.004625 0.004982 0.005371 0.005783 0.006251 0.006754 0.007297 0.007874 0.008492 0.009165 0.009901 0.010705 0.010711 0.010711 0.013391 0.014477 0.014491 0.014491 0.018034 0.019439 0.020949 0.019515 0.021044 0.021044 0.021018 0.022498 0.022498 0.022498 0.024120 0.022416 0.019683 0.021251 0.022977 0.024826 0.026759 0.028787 0.030892 0.033150 0.033150 0.044519 0.051317 0.038033 0.040924 0.044057 0.047433 0.051064 0.054882 0.054882
0.000730 0.000729 0.000729 0.002937 0.003169 0.003422 0.003690 0.003690 0.004285 0.004616 0.004974 0.005351 0.005783 0.006251 0.006742 0.007288 0.007869 0.008492 0.009165 0.009903 0.009907 0.009914 0.012385 0.012423 0.013439 0.013453 0.016742 0.018034 0.019421 0.018076 0.019515 0.019515 0.019577 0.019577 0.020895 0.020895 0.020858 0.020858 0.018254 0.019693 0.021269 0.022982 0.024826 0.026759 0.026759 0.028787 0.028787 0.030854 0.047735 0.035360 0.038033 0.040924 0.044057 0.047433 0.051064 0.051064 0.052898
0.000782 0.000782 0.000781 0.000727 0.003170 0.003417 0.003416 0.003968 0.004276 0.004617 0.004980 0.005365 0.005783 0.006237 0.006742 0.007288 0.007869 0.008490 0.009168 0.009165 0.009166 0.011449 0.011477 0.011516 0.012466 0.015522 0.015522 0.016717 0.016745 0.018063 0.018069 0.018149 0.018149 0.018149 0.019376 0.019368 0.019368 0.016955 0.018254 0.019714 0.021291 0.022982 0.024785 0.024801 0.024801 0.026730 0.026779 0.044483 0.032893 0.032893 0.038031 0.040949 0.044076 0.047437 0.047454 0.047454 0.052898
0.000782 0.000838 0.000838 0.000781 0.000727 0.003168 0.003676 0.003961 0.004277 0.004617 0.004980 0.005362 0.005783 0.006244 0.006744 0.007284 0.007857 0.008484 0.008480 0.008478 0.010585 0.010606 0.010632 0.013279 0.014378 0.014378 0.015502 0.015557 0.016754 0.016733 0.016801 0.016801 0.016803 0.016810 0.017958 0.017969 0.018001 0.017031 0.018294 0.019728 0.021291 0.022957 0.022963 0.022965 0.024778 0.024778 0.041310 0.041310 0.030536 0.030525 0.037967 0.040949 0.044076 0.044076 0.044105 0.044116 0.052953
0.000782 0.000838 0.000895 0.000838 0.000782 0.001273 0.001476 0.003975 0.004277 0.004615 0.004973 0.005362 0.005784 0.006244 0.006748 0.007278 0.007853 0.007846 0.007844 0.009796 0.009816 0.009834 0.011366 0.012308 0.013322 0.014375 0.014430 0.015557 0.015551 0.015584 0.015573 0.015573 0.015513 0.016690 0.016718 0.016718 0.015899 0.017031 0.018333 0.019728 0.021281 0.021284 0.021259 0.022917 0.022917 0.022921 0.038253 0.038253 0.038253 0.035193 0.037967 0.037967 0.040907 0.040938 0.040938 0.049087 0.052953
0.000893 0.000957 0.000957 0.000957 0.001273 0.001374 0.001374 0.001592 0.004285 0.004622 0.004983 0.005369 0.005784 0.006271 0.006767 0.007287 0.007287 0.007266 0.009073 0.009093 0.009753 0.010527 0.011375 0.012313 0.013319 0.013375 0.014414 0.014410 0.014410 0.014450 0.014446 0.014406 0.015513 0.015552 0.013816 0.014844 0.015937 0.017106 0.018397 0.019745 0.019734 0.019700 0.019700 0.021212 0.021188 0.035357 0.035357 0.035378 0.032616 0.035167 0.035149 0.037887 0.037887 0.037933 0.037930 0.049087 0.049087
0.000890 0.000957 0.001026 0.001026 0.001103 0.001374 0.001482 0.001592 0.001716 0.001848 0.004668 0.005026 0.005413 0.005837 0.006294 0.006774 0.006760 0.007275 0.007826 0.008437 0.009085 0.009805 0.010586 0.011456 0.012392 0.013351 0.013351 0.013339 0.013380 0.013390 0.013358 0.014394 0.014443 0.012810 0.013800 0.014844 0.015937 0.017126 0.018397 0.018340 0.018273 0.018273 0.018269 0.019642 0.019642 0.032743 0.032734 0.030202 0.032593 0.032579 0.035099 0.035084 0.035084 0.035122 0.045443 0.045466 0.049090
0.000890 0.000954 0.001026 0.001103 0.001186 0.001278 0.001278 0.001597 0.001716 0.001849 0.001990 0.002142 0.002305 0.002487 0.002681 0.002889 0.002891 0.005880 0.007842 0.008437 0.009097 0.009805 0.010586 0.011456 0.012369 0.012369 0.012359 0.012395 0.012403 0.012382 0.013345 0.013393 0.011884 0.012815 0.013800 0.014783 0.015915 0.017126 0.017126 0.017065 0.016982 0.015868 0.017068 0.018301 0.030445 0.030387 0.027979 0.030184 0.030194 0.032548 0.032544 0.032544 0.032527 0.032546 0.042068 0.045425 0.049090
0.000886 0.000951 0.001025 0.001103 0.001186 0.001278 0.001379 0.001597 0.001719 0.001849 0.001990 0.002143 0.002308 0.002487 0.002683 0.002891 0.003118 0.003118 0.006337 0.008447 0.009097 0.007879 0.008483 0.009160 0.009908 0.010701 0.011515 0.011509 0.008787 0.009477 0.010225 0.011028 0.011892 0.012815 0.013733 0.014783 0.014783 0.015915 0.015920 0.015865 0.015793 0.015868 0.015857 0.017068 0.028429 0.026025 0.027994 0.027960 0.030134 0.030136 0.030156 0.030156 0.030159 0.030197 0.042143 0.045407 0.045425
0.000882 0.000950 0.001025 0.001025 0.001104 0.001379 0.001489 0.001599 0.001718 0.001849 0.001990 0.002143 0.002308 0.002488 0.002683 0.002891 0.003118 0.003360 0.006337 0.006814 0.007330 0.007887 0.008483 0.009160 0.009899 0.010701 0.010698 0.008159 0.008787 0.009471 0.010220 0.011026 0.011892 0.012755 0.013726 0.013726 0.014766 0.014766 0.014774 0.014731 0.014670 0.014707 0.015857 0.015857 0.026454 0.024211 0.026028 0.025957 0.027894 0.027903 0.027917 0.027917 0.028021 0.028021 0.042143 0.042096 0.042096
