ASCII/bv_result_1.txt
ncols         489
nrows         533
xllcorner     593175.11526712
yllcorner     2721796.0885475
cellsize      29.615804956512
NODATA_value  -9999
[rows 299 to 321 of 533, columns 408 to 458 of 489]
122382.948844 634930.344535 741884.688632 466785.910690 197450.440222 197450.440222 220618.329600 249372.962525 313319.190104 171575192.651728 72750769.575525 30561812.257784 14750379.890654 6512552.861542 6512552.861542 4751438.642087 2009858.545603 1608775.529032 1354254.895575 1084002.722898 920595.383550 908260.805402 998839.105913 1257846.816384 1700555.200265 2216660.165166 1601715.518556 2148424.302404 3104340.306991 4498144.458605 10535703.527925 25566872.047810 60605697.434836 153404278.422392 402243359.604975 259642003.796981 689719004.073507 -9999.000000 -9999.000000 -9999.000000 -9999.000000 -9999.000000 -9999.000000 -9999.000000 -9999.000000 -9999.000000 -9999.000000 -9999.000000 -9999.000000 -9999.000000 -9999.000000
197624.539932 510678.988587 450823.826873 450823.826873 466785.910690 197450.440222 202173.979781 235323.142914 10656077.541049 9317652.826391 33431746.783173 14750379.890654 9048052.390809 9048052.390809 6512552.861542 8085016.541771 7211099.606884 1354254.895575 1354254.895575 1558057.493822 1710213.692799 998839.105913 998839.105913 1257846.816384 1644658.209632 10589081.357412 10589081.357412 14550556.256593 21262170.932549 4498144.458605 10535703.527925 23903521.222992 60605697.434836 160341158.837164 427973937.288840 1130293453.202719 2906479345.652108 -9999.000000 -9999.000000 -9999.000000 -9999.000000 -9999.000000 -9999.000000 -9999.000000 -9999.000000 -9999.000000 -9999.000000 -9999.000000 -9999.000000 -9999.000000 -9999.000000
319125.001909 435791.100005 435791.100005 450823.826873 197450.440222 202173.979781 235323.142914 5241880.181633 5439572.115805 4448577.151475 3987608.919828 6643078.130374 6643078.130374 9048052.390809 15884382.830438 30188200.577651 7836475.229824 1556676.927938 1558057.493822 1710213.692799 1710213.692799 2027713.459537 2027713.459537 1244983.458868 1434434.543510 8238626.826715 10589081.357412 15060544.358072 60959838.184932 153005720.318910 187981213.398158 575326588.298088 575326588.298088 1580228117.030858 427973937.288840 1080901673.647322 2668130813.078754 573.782653 25134.179464 1.000000 -9999.000000 -9999.000000 -9999.000000 -9999.000000 -9999.000000 -9999.000000 -9999.000000 -9999.000000 -9999.000000 -9999.000000 -9999.000000
298777.089529 298777.089529 435791.100005 450823.826873 525152.760455 2264153.487449 2264153.487449 2377584.839203 2377584.839203 2020318.696740 2020318.696740 3987608.919828 6643078.130374 11662310.477176 30188200.577651 62853593.875978 10616810.458475 10616810.458475 2246815.148614 4202678.369513 4170203.058690 4699712.944843 4214503.683822 4214503.683822 7328315.794019 8238626.826715 10596273.398682 25025486.328012 60959838.184932 75060538.297269 183780690.172809 211833584.530451 575326588.298088 1624297910.593711 4159604591.710250 99.037685 239.275480 239.275480 11066.958601 11336.333005 11336.333005 -9999.000000 -9999.000000 -9999.000000 -9999.000000 -9999.000000 -9999.000000 -9999.000000 -9999.000000 -9999.000000 -9999.000000
221168.497255 298777.089529 588731.781093 473266.751367 702616.173766 702616.173766 1048182.677812 2377584.839203 1212727.096974 1212727.096974 2020318.696740 2751728.800337 3747929.177124 7099916.732082 5240840.519230 148866471.801774 148866471.801774 15842421.317954 3518336.775978 6724884.310578 11058692.493400 18611154.167923 7328315.794019 7328315.794019 7328315.794019 15385407.800882 19870857.714363 25025486.328012 32021490.354421 75060538.297269 88198740.908188 206068978.291001 571218324.419144 1166902670.345526 39.545558 102.874897 100.810934 550.137194 4793.780200 4793.780200 1.000000 11261.442387 -9999.000000 -9999.000000 -9999.000000 -9999.000000 -9999.000000 -9999.000000 -9999.000000 -9999.000000 -9999.000000
125530.811408 116397.537968 116397.537968 206349.869718 330930.666508 301947.277830 515088.245488 750297.661166 750297.661166 1212727.096974 872889.433497 628283.119106 899945.357989 1145154.914783 2272203.649943 5240840.519230 13970549.868056 229940955.392585 5515912.083838 10667753.589585 49345929.354550 18611154.167923 18611154.167923 16942856.218800 15385407.800882 15385407.800882 19870857.714363 26183394.190809 32021490.354421 38750525.603560 88198740.908188 150215355.513567 413053383.293046 15.348167 40.213391 40.561010 228.478474 2044.174409 2044.174409 1.000000 4870.604639 11131.760154 -9999.000000 -9999.000000 -9999.000000 -9999.000000 -9999.000000 -9999.000000 -9999.000000 -9999.000000 -9999.000000
57023.517768 57023.517768 50639.216402 92272.547452 155361.201030 155361.201030 301947.277830 515088.245488 750297.661166 931457.929133 670439.199484 482564.704369 657266.201210 1145154.914783 2466729.108630 5240840.519230 13970549.868056 22153198.878045 8501017.964838 8501017.964838 50799608.543973 51097119.985379 44248624.714670 44248624.714670 36895592.814526 33717609.139502 33717609.139502 43449697.690539 30428348.421231 32109612.313200 65856902.963449 5.438207 5.438207 15.410353 16.017491 88.868859 88.868859 828.914945 1.000000 1951.461480 4418.791772 4418.791772 1117.392167 20271.872596 -9999.000000 -9999.000000 -9999.000000 -9999.000000 -9999.000000 -9999.000000 -9999.000000
30672.238149 25672.800231 25672.800231 50639.216402 92272.547452 155361.201030 224902.144510 95133.607128 40241.515815 17022.161190 12252.109048 8818.749538 6347.506630 10760.943241 17748.588726 45796.874007 73266.234240 112807.204664 32238374.162530 12469820.048152 128081067.573008 116580107.378785 116395476.405706 91940292.628704 91940292.628704 78186284.425421 43449697.690539 43449697.690539 -9999.000000 -9999.000000 1.000000 2.133723 5.438207 5.969085 16.752473 37.925200 88.868859 349.979970 782.949305 802.399305 1784.824271 449.281107 8583.114527 20124.295927 -9999.000000 -9999.000000 -9999.000000 -9999.000000 -9999.000000 -9999.000000 -9999.000000
13963.767520 13963.767520 25672.800231 33874.131811 25913.710836 19823.988789 15165.351424 6414.943652 2713.521165 1979.735074 1765.743674 3047.868873 5365.133967 7684.954859 17748.588726 46778.802119 73587.169429 113209.276979 163976.616945 216084.811396 281473.528591 160089419.364529 140318974.306670 231877931.583243 231877931.583243 187369533.460791 96529119.308694 1.000000 -9999.000000 -9999.000000 -9999.000000 1.000000 2.133723 5.969085 16.752473 160.807196 160.807196 348.878428 348.878428 782.949305 204.973360 3762.979747 8583.114527 1.000000 1796.621304 -9999.000000 -9999.000000 -9999.000000 -9999.000000 -9999.000000 -9999.000000
9091.658665 13963.767520 10682.282153 8171.945847 6251.538573 4782.427008 2022.966624 855.714882 684.950274 682.417938 3047.868873 5365.133967 7684.954859 17748.588726 44028.295050 46778.802119 69633.995227 106301.526277 159136.840879 227479.598577 281473.528591 208825904.781867 208825904.781867 357371122.094172 357371122.094172 214890601.852405 2.730930 1.000000 -9999.000000 -9999.000000 -9999.000000 1.000000 1.565161 4.243748 10.871042 68.269892 68.269892 157.413525 348.878428 88.867657 1687.625222 1076.379368 1076.379368 772.174238 772.174238 -9999.000000 -9999.000000 -9999.000000 -9999.000000 -9999.000000 -9999.000000
9091.658665 6955.118879 5320.665942 2250.641694 952.021436 402.705068 308.069377 130.313346 113.818469 764.577421 764.577421 15279.439842 15279.439842 44028.295050 44028.295050 116066.840729 69633.995227 106301.526277 167419.301207 227479.598577 331558.389460 317234740.351867 317234740.351867 562176202.019560 327938156.326655 2.639670 1.744280 1.205342 1.000000 1.000000 -9999.000000 -9999.000000 1.565161 3.870520 9.866379 26.767206 64.100193 164.244140 38.823933 695.158716 441.287926 441.287926 209.153347 316.489536 253.068974 1.000000 -9999.000000 -9999.000000 -9999.000000 -9999.000000 -9999.000000
4421.548622 1870.315067 791.143273 334.653605 141.558475 59.879235 25.328916 19.376621 29.998206 31.917476 21.402820 21.758080 24.182784 31578.028358 48413.289032 68612.913160 106301.526277 106301.526277 167419.301207 258357.631129 341276.173705 458384589.184870 846845331.073301 6.081244 4.075437 2.639670 1.744280 1.697860 1.205342 0.423000 1.000000 -9999.000000 -9999.000000 3.870520 9.866379 24.055668 62.926930 15.024995 61.487728 263.621363 280.124609 280.124609 143.656043 130.889591 183.369810 253.068974 301.731371 1.000000 1.000000 1.000000 -9999.000000
439.198923 412.210035 367.653870 280.583264 204.708383 86.591646 36.628266 15.493757 20.443331 19.916065 595.759216 684.808030 24.182784 32.703696 48413.289032 78196.213386 107645.442513 172902.959498 172542.295076 255480.927088 377367.402499 488213.911688 9.075404 5.868323 3.992431 2.692675 2.611656 1.697860 1.697860 0.465831 0.800442 -9999.000000 -9999.000000 -9999.000000 9.866379 24.055668 2.399849 5.896256 24.274540 104.313198 107.347801 92.018873 92.018873 139.801268 183.369810 252.158430 341.207120 361.486450 462.353283 1.000000 -9999.000000
412.210035 412.210035 280.583264 280.583264 311.851254 349.530841 395.087487 453.599509 513.437378 549.091003 595.759216 761.370913 1084.803803 35.562176 50.467595 82.906038 127344.962916 170957.624164 263914.485778 247269.267306 355056.259564 457014.594646 14.091382 9.877835 6.733818 4.721429 2.587639 2.552612 0.629969 1.088985 0.844669 1.000000 -9999.000000 -9999.000000 -9999.000000 1.000000 2.399849 5.099237 10.843044 47.030012 47.030012 60.769216 92.018873 139.801268 207.460894 252.158430 341.207120 463.502226 462.353283 -9999.000000 -9999.000000
322.356106 463.414070 314.725372 311.851254 349.530841 395.087487 453.599509 513.437378 549.091003 595.759216 595.759216 842.900269 1272.959335 1638.802731 54.742364 89.439820 136.636734 196261.615672 253193.891539 329274.099228 336733.652504 457014.594646 13.582128 7.290473 6.718689 4.721429 3.561028 0.938695 1.631312 1.552872 1.088985 0.800442 -9999.000000 -9999.000000 1.000000 1.000000 2.122869 4.562327 10.785621 23.079060 47.030012 60.769216 94.300197 153.278230 207.460894 304.694498 345.705858 -9999.000000 -9999.000000 -9999.000000 -9999.000000
365.508754 365.508754 416.378584 424.425720 475.707176 526.609674 597.924937 686.957862 749.698074 821.060487 842.900269 842.900269 1272.959335 1965.345821 2509.318818 3969.476282 6351.727737 235306424.910343 296048157.897302 292343065.503700 389759128.444983 470740938.326338 513011170.937666 8.681301 4.982980 3.782629 3.782629 2.590371 1.812376 1.369310 0.962763 0.816291 1.000000 1.000000 1.510447 2.122869 2.122869 4.562327 10.169568 23.079060 28.940119 40.910337 67.164425 153.278230 239.625098 429.990156 429.990156 -9999.000000 -9999.000000 -9999.000000 -9999.000000
463.530708 489.890825 489.890825 604.219650 687.017459 764.715362 857.105335 977.143391 1084.009350 1219.304453 1279.425576 1279.425576 1299.369382 1931.695022 2809.921382 4149.246329 155625771.023580 164863410.667452 185551495.361785 181557262.079921 242996575.425847 296752106.609228 333614152.980447 6.071516 4.982980 3.516379 2.628167 2.628167 1.812376 1.369310 0.962763 0.962763 0.930999 0.800442 0.638919 2.112198 4.562327 4.562327 10.169568 14.076763 17.960019 26.652731 45.257274 111.414888 126.551703 236.821222 -9999.000000 -9999.000000 -9999.000000 -9999.000000 -9999.000000
487.001522 634.533412 662.194431 824.615223 971.181774 1130.039104 1302.081353 1476.380147 1591.946825 1591.946825 1764.069432 1867.177999 1884.297804 1919.021552 2809.921382 86442856.790072 105472189.814442 105472189.814442 116829788.605850 116829788.605850 165319286.817046 220127908.043358 296752106.609228 6.071516 4.807173 3.516379 2.628167 2.117672 1.812376 1.260372 1.231908 1.231908 0.802811 0.765289 0.270263 1.541021 1.684961 10.169568 13.812205 18.903163 24.623388 37.414716 62.618077 89.730465 164.174032 164.174032 211.054751 -9999.000000 -9999.000000 -9999.000000 -9999.000000
634.533412 634.533412 1502.242322 1502.242322 1962.103421 1261.464506 1561.865916 2231.673318 2387.934726 2326.250964 2537.059629 2653.286704 2653.286704 42238142.832813 43762405.465733 58751814.196053 74888327.707224 74888327.707224 85365449.957819 116829788.605850 165319286.817046 220127908.043358 269981107.629573 6.071516 5.268537 3.516379 2.628167 2.655208 1.891175 1.459477 1.448355 1.148893 0.919466 0.802811 0.248593 0.280091 2.091146 13.812205 13.812205 18.903163 25.211248 37.768262 59.153057 82.501967 108.800672 108.800672 143.791325 151.107516 -9999.000000 -9999.000000 -9999.000000
1058.565401 1194.412036 1302.707275 1502.242322 1962.103421 748932.850549 1079526.826762 1521249.035065 2517342.906237 13606451.797603 13606451.797603 13291047.467832 23112349.175442 32837081.858892 32837081.858892 43762405.465733 58751814.196053 74888327.707224 85365449.957819 110890606.412383 159481296.833871 228304909.418571 269981107.629573 8.206980 5.268537 3.918160 3.875395 3.875395 2.655208 1.891175 1.448355 1.148893 1.092612 0.919466 0.280091 0.280091 2.890381 2.890381 18.228889 18.228889 25.211248 40.077346 40.077346 58.908177 79.238662 108.800672 109.393821 121.458492 -9999.000000 -9999.000000 -9999.000000
1058.565401 1194.412036 1302.707275 242574.427493 536436.389004 743463.166342 1042725.832022 1042725.832022 1746938.863538 9591306.981963 9591306.981963 21470778.220488 18888914.003472 32958934.666277 32837081.858892 43762405.465733 45311878.103207 61706148.854460 110890606.412383 110890606.412383 159481296.833871 228304909.418571 315947280.753407 374191993.496555 6.021244 6.015964 6.015964 6.077684 4.197730 2.127977 2.091120 1.424812 1.286584 1.092612 1.286584 0.343736 0.373558 3.982677 46.298169 46.298169 22.623229 27.569871 40.077346 58.908177 67.936296 85.450267 107.453387 142.750866 1.000000 -9999.000000 -9999.000000
1023.030625 30874.413148 242574.427493 138439.807048 242574.427493 536436.389004 743463.166342 1042725.832022 1385251.964982 4343563.063631 9591306.981963 9554626.729456 18888914.003472 32958934.666277 32837081.858892 45311878.103207 62099713.641788 61706148.854460 90247528.343679 166386873.460205 170322500.055861 238373972.378929 327129045.822781 433622475.412817 7.969531 9.166060 9.166060 9.267720 3.296070 3.145811 2.091120 1.873952 1.286584 1.286584 1.286584 1.573003 2.079084 2.747985 107.836389 107.836389 27.569871 27.569871 37.027035 51.725128 67.936296 85.450267 107.453387 142.750866 -9999.000000 -9999.000000 -9999.000000
16860.491220 16860.491220 17767.207664 80709.656583 80709.656583 175453.655119 400635.763468 400635.763468 932308.839042 2076827.228925 4343563.063631 9554626.729456 20302553.963246 65173130.180609 40702134.211304 62099713.641788 62099713.641788 93783823.664567 93462905.843937 134199444.834748 261183166654.283142 261183166654.283142 329915009990.106567 443084206679.103088 559943600193.514526 13.104695 13.104695 6.134052 4.422714 3.145811 2.798031 1.873952 2.216876 1.569703 1.569703 1.935679 2.546697 3.361298 32.293135 24.080116 24.080116 31.358890 37.027035 48.722540 62.641190 82.292911 114.944945 -9999.000000 -9999.000000 -9999.000000 -9999.000000
