ASCII/bv_result_1.txt
ncols         489
nrows         533
xllcorner     593175.11526712
yllcorner     2721796.0885475
cellsize      29.615804956512
NODATA_value  -9999
[rows 322 to 344 of 533, columns 306 to 356 of 489]
1991172852.401153 453181501.681554 453181501.681554 44125895.713187 44471705.367536 39150159.410911 34565698.609336 34565698.609336 34565698.609336 35779985.561196 25954.399077 3057.542878 480.424421 480.424421 714.989567 491.304764 291.134571 285.319346 202.815198 202.815198 167.409009 167.409009 206.801196 3766.587912 2801.959370 1897.161587 1576.299486 1493.764220 1428.372969 1514.300864 1514.300864 664.434455 517.701994 295.805649 197.521956 136.055291 99.213608 76.165435 58.105667 43.439967 34.346539 27.459597 34.346539 18.570444 18.570444 7.615709 7.762833 7.081884 5.903952 4.189377 3.097839
745686440.715391 279448989.098551 279448989.098551 30358858.274710 29310876.754957 29310876.754957 26854760.279349 25143695.679741 25143695.679741 24552783.922477 34727518.329116 717.667813 552.333616 741.200881 526.285986 328.018327 302.824508 188.030669 202.815198 164.737179 164.737179 158.643450 167.409009 3766.587912 2676.898648 1897.161587 1576.299486 1493.764220 1493.764220 1734.875276 1734.875276 841.111508 750.000308 295.805649 197.521956 136.055291 136.055291 99.213608 58.105667 119.883078 54.402991 27.459597 18.570444 10.647001 18.570444 8.309196 5.711732 5.711732 5.180297 3.872805 3.097839
336047008.841152 186753005.274528 45484982.872018 21758130.587832 18924892.753857 18591146.144996 18047613.188974 18047613.188974 17527606.302571 25335495.770360 29476635.152670 538.246130 398.486367 369.043196 477.418599 328.018327 203.981207 203.981207 144.312688 144.312688 150.664233 150.664233 145.150941 3766.587912 2676.898648 2122.924892 2122.924892 1951.030033 1924.917141 2238.991330 2200.377960 1075.919608 442.190939 300.130432 203.787421 198.557423 139.534651 240.558653 171.345039 119.883078 54.402991 54.402991 27.459597 9.085008 9.085008 6.637192 5.711732 4.729182 4.173701 3.557070 3.020084
170637700.100207 76117743.189069 29802830.701465 13767765.015576 11817422.897968 11817422.897968 11817422.897968 11744145.662282 17491598.567495 21407982.718512 25802018.615767 1047.631755 371.249213 266.753145 243.610504 312.348979 203.981207 144.372979 144.372979 114.596749 125.515283 125.515283 160.847149 190.932457 2963.744780 2964.249064 2807.348772 2807.348772 2808.291742 3218.059239 3113.631543 1491.763074 447.010893 315.062152 306.012894 206.698200 341.837295 240.558653 170.596035 76.512714 18.824233 13.939351 10.890585 9.085008 8.272798 7.192834 5.001108 4.729182 4.173701 3.557070 3.020084
76117743.189069 34009879.000198 12929570.282050 12929570.282050 9124111.007341 8216895.757703 8216895.757703 11744145.662282 14291811.887401 17940108.674927 37455027.910833 709.875144 709.875144 252.273733 178.419753 161.377905 148.397796 148.397796 115.952150 109.324452 109.324452 125.515283 160.847149 190.932457 4065.812672 3865.247266 3865.247266 4006.096077 551172669.599891 551172669.599891 4405.271111 539.075672 448.324109 471.058612 330.977489 542.191373 370.296337 238.000716 107.586712 26.385329 20.006990 14.276619 10.890585 8.272798 6.637192 6.637192 269.574891 230.026286 187.550920 187.550920 186.611526
15126792.623604 15126792.623604 8921455.625281 9124111.007341 7107878.780101 7251754.837668 8216895.757703 10473712.014842 11933027.638998 16932749.840541 24158153.677310 32991214.514107 471.113799 237.628959 162.863710 115.484386 106.297066 106.297066 94.482683 94.482683 103.922351 103.922351 160.847149 239.420836 239.420836 585732287.934255 520478736.011335 520478736.011335 520478736.011335 551172669.599891 590898961.463502 539.075672 539.075672 539.075672 159.468306 594.422382 370.296337 151.735329 36.584501 26.459608 19.251978 14.276619 14.276619 8.272798 8.272798 8.272798 294.659073 230.026286 187.550920 146.619911 146.619911
46519935.200846 6240515.906395 6240515.906395 6322507.551535 6322507.551535 6314420.975678 6314420.975678 9155481.646377 9047200.110727 11933027.638998 16932749.840541 24158153.677310 313.605812 313.605812 156.095353 107.275743 78.211183 78.211183 78.455343 74.807447 74.807447 103.922351 149.132779 206.767858 852267799.302211 510908900.925358 419845820.281547 419845820.281547 454185366.501736 454185366.501736 590898961.463502 674861922.775166 629.883247 211.341953 159.468306 117.598708 82.246021 53.736121 35.057073 24.683643 19.251978 19.251978 11.360321 11.144341 10.107998 426.176360 323.111865 247.818874 190.791871 146.619911 126.402616
18592090.219154 10191130.445653 4493380.299386 4493380.299386 4720679.675441 4720679.675441 6103024.083041 6415879.615208 6324893.859666 6318291.519182 86.269518 100.555536 313.605812 219.594115 156.095353 107.275743 78.211183 60.762546 60.762546 60.762546 79.343187 109.626719 154.918181 601562346.072767 655860597.207365 361759216.440942 361759216.440942 336484953.237249 336484953.237249 454185366.501736 674861922.775166 852358524.015267 291.236696 208.934787 154.957735 117.067180 84.923045 56.355496 36.517537 24.683643 24.815826 14.742895 831.251676 624.068782 486.019468 426.176360 323.111865 247.818874 202.408374 146.619911 126.402616
7947768.341375 7947768.341375 3260384.306887 3260384.306887 3332132.321091 3506823.642972 4225371.035160 4225371.035160 4142576.892264 4142576.892264 55.594062 64.609542 67.356498 69.938753 55.436149 50.472693 50.472693 60.762546 51.413332 60.762546 79.343187 111.957659 150.855668 474193227.830344 474193227.830344 351688244.103187 258250679.113361 258250679.113361 336484953.237249 455405982.504699 659800082.505658 335902562.747611 291.236696 208.934787 154.957735 117.067180 84.923045 56.355496 36.517537 47.769684 33.076862 1102.203013 921.394142 658.796934 486.019468 380.262428 315.480821 256.229958 202.408374 169.857735 126.402616
3434274.898933 3434274.898933 3434274.898933 2585049.465988 2585049.465988 2585049.465988 3017005.717982 3017005.717982 3017005.717982 3005146.959535 41.394649 44.840666 44.840666 46.297604 46.804318 37.097414 35.225131 35.225131 38.898549 41.614202 41.614202 42.972013 46.675225 44.466623 351688244.103187 258250679.113361 207192212.546638 258250679.113361 324155556.891138 455405982.504699 231685013.628342 305498701.991014 305498701.991014 218818843.934287 198971272.672648 114.676494 83.548457 55.644583 71.771827 47.769684 47.769684 1302.257135 921.394142 658.796934 486.019468 486.019468 408.186622 311.726534 248.105357 193.606255 146.096302
2340756.437707 2225424.964932 2225424.964932 2225424.964932 1939426.383349 1919612.890863 2249625.222034 2047130.604219 2047130.604219 2047130.604219 30.202538 30.159565 30.318764 30.318764 30.905082 30.995244 25.987017 25.381559 27.275651 27.275651 27.275651 42.843427 32.745511 31.491442 154305827.362014 159997399.221665 159997399.221665 159997399.221665 170518436.504665 170018978.098383 231685013.628342 305498701.991014 218818843.934287 165074474.669115 165074474.669115 152755150.963472 145.710908 106.812474 69.191426 67.421114 1709.535146 1308.435059 952.826866 700.182743 666.189845 537.858575 408.186622 34957.262048 248.105357 193.606255 146.096302
1601236.887703 1601236.887703 1449764.587174 1631169.236909 1296339.957320 1296339.957320 1522500.649879 1387035.997223 1387035.997223 2047130.604219 2047277.113015 21.095064 21.095064 21.333729 21.333729 21.495668 20.123664 18.841536 18.841536 18.841536 27.275651 20.792453 31.566652 23.229766 113328012.932883 110950447.794119 110950447.794119 115089851.412675 115089851.412675 155458931.210920 153825711.620814 201977583.377231 201977583.377231 148710839.718508 148710839.718508 149789271.528052 145.710908 100.128597 458376.564957 310307.925349 310307.925349 1308.435059 1013.964345 995.180661 1119.888742 88563.984457 38711.598841 17914.396300 17914.396300 8976.451007 1712.551688
1601236.887703 1204799.242901 1122613.312635 1122613.312635 860572.110386 971878.741393 1048804.597071 1031993.803959 1031993.803959 1387035.997223 1009089.290902 21.095064 16.365431 21.333729 15.694291 15.694291 16.511566 14.498193 14.498193 14.454247 14.454247 20.792453 15.780585 22.836468 113328012.932883 85081903.628536 85081903.628536 80504805.333585 99729353.875760 99729353.875760 153798582.548639 201977583.377231 148710839.718508 116161780.285353 116161780.285353 6301562.351802 7291085.139484 7318958.972525 458376.564957 310307.925349 252048.429342 1301.587088 1385.989470 2466.666961 100278.798032 43845.426108 39590.015051 17914.396300 9190.532754 5168.674975 1712.551688
937229.042834 908626.976011 908626.976011 808792.312822 588908.338139 652084.836289 703880.279573 703880.279573 703880.279573 726578.059902 1009089.290902 950241.217453 16.365431 12.847271 15.694291 12.045297 12.025242 12.025242 11.085598 11.100191 11.100191 11.071041 15.780585 23.190312 82884457.685008 85081903.628536 68117954.074009 68117954.074009 68117954.074009 99729353.875760 153798582.548639 99899669.542957 104101283.325820 90645552.937495 90645552.937495 4718532.275544 4718532.275544 4988391.047124 4988391.047124 252048.429342 223301.758581 86997.276186 38957.647103 37132.373292 104199.252463 43845.426108 19308.938741 9190.532754 5168.674975 3838.276194 2451.544054
1445520.179183 631313.208500 631313.208500 583573.803501 428382.258516 460823.023396 460823.023396 471715.896736 471715.896736 640028.103017 640028.103017 663264.382997 815877.755430 858837.219296 9.250465 9.381989 8.522485 8.522485 8.114096 8.114096 8.036632 12.177998 16.693310 23.190312 53594467.526358 59433551.348596 59433551.348596 56958959.051999 56958959.051999 91740161.721130 138300043.448988 92202556.050276 78473941.822236 78473941.822236 73649094.860849 4981099.768531 3343207.833914 3343207.833914 3616765.605322 175905.348503 175905.348503 69927.414876 28000.947026 28000.947026 17372.701627 38387.057553 16508.656934 8230.119561 5011.831694 3838.276194 2451.544054
1445520.179183 955192.192907 475814.332645 475814.332645 419291.650773 312574.785633 314380.940969 314380.940969 314380.940969 398035.712340 427217.377193 420999.001222 525255.164033 566544.364203 7.779471 6.153031 6.153031 5.821097 5.821097 5.738328 8.424023 12.361910 36306209.873729 39263932.194106 46823863.894053 45777217.597236 42952947.954224 41379733.450440 61341973.628854 61341973.628854 55869557.036397 65867253.618926 63781054.272984 57587062.654692 54259538.033057 3555880.097845 3233301.451857 2409175.090521 2409175.090521 2653683.147391 90114.944101 35616.904614 26611.661589 18646.731251 18646.731251 7385.189108 3223.885110 1673.125633 1588.973206 1588.973206 1629.013447
653954.715215 653954.715215 387062.787034 387062.787034 385887.768647 312574.785633 227992.570174 227992.570174 258171.265401 258171.265401 266989.607722 266989.607722 337051.558859 365019.294364 309858.575210 5.079132 4.100682 4.100682 4.100682 6.011966 8.424023 24148934.950489 27390897.276805 27390897.276805 31232042.746948 30061255.137444 29317544.237433 29317544.237433 40789425.488463 35289025.585684 39292104.164127 42088404.601514 41872763.484510 39416467.555728 37680756.553836 2449259.521759 2271267.096154 2090392.062386 1760341.417062 1760341.417062 1400760.658619 48290.788040 26611.661589 18646.731251 13058.640628 6779.759904 3161.543062 1661.716774 1588.973206 1578.938512 1578.938512
653954.715215 461481.339691 361462.897653 311284.434978 385887.768647 306391.752599 227992.570174 187334.621708 187334.621708 180091.079620 180091.079620 266989.607722 226204.143406 242905.452680 209007.256183 3.621419 4.100682 3.283073 4.309304 4.309304 5.794022 16152524.839514 17712840.445798 20077629.289499 20863917.965689 20863917.965689 21092636.888243 29317544.237433 6220816.180630 22820314.112756 24348383.459132 25777989.417215 26028099.063035 25451600.494193 25451600.494193 1715260.410501 1627529.131197 1599933.331922 1599933.331922 1465103.819292 1465103.819292 48290.788040 26611.661589 26378.174926 13058.640628 6779.759904 3161.543062 3161.543062 1906.983921 1578.938512 1493.086451
461481.339691 350223.121266 318463.636744 318463.636744 385887.768647 317285.476525 232236.888895 187334.621708 146768.387622 146768.387622 146768.387622 161166.026334 161166.026334 183603.364766 175589.867987 3.704940 3.283073 2.974443 3.283073 4.309304 5.794022 12105318.300638 12105318.300638 13312526.236533 14276877.819851 14276877.819851 16412308.321347 4502363.872795 4502363.872795 16000504.356367 16307081.048592 16662239.733005 16639720.680085 16639720.680085 17032659.523902 1254688.499049 1203902.594599 1203902.594599 1391414.169116 1391414.169116 1709679.779667 48290.788040 54326.927063 26378.174926 13058.640628 6476.912454 6591.023084 6591.023084 2596.948937 1906.983921 1578.938512
286986.771840 318463.636744 397859.645565 318463.636744 393600.570657 323899.273901 232236.888895 187334.621708 146768.387622 111409.537586 111409.537586 114009.423161 131453.322739 131453.322739 2.954602 1.457012 2.974443 2.636144 2.933926 2.933926 3.893302 12105318.300638 10540631.544487 10632393.211317 10632393.211317 11981003.503201 11724688.245769 3356648.906444 3456291.001866 11500419.255028 11500419.255028 11918493.986638 11918493.986638 12104566.653110 15085549.435754 877502.293819 877502.293819 1145357.123732 1152058.700779 1391414.169116 1709679.779667 101892.181099 54326.927063 12083.599694 8737.780432 13633.166797 13633.166797 3836.399118 2639.042611 1943.900762 1943.900762
282300.934121 386935.388377 397859.645565 432540.287832 393600.570657 293516.053084 210570.010124 157474.362670 119654.062042 85506.316002 85506.316002 85506.316002 96366.227676 1.000000 1.000000 1.000000 1.000000 2.364039 2.364039 2.933926 2.511513 12105318.300638 12105318.300638 8996442.752259 8996442.752259 9321584.520959 9321584.520959 2676848.154304 2676848.154304 8649506.750698 8649506.750698 9075893.562003 9075893.562003 9572358.637895 11444242.232077 656238.342672 877502.293819 913858.675202 1152058.700779 1432899.950139 2849120.660987 2849120.660987 24481.350682 12083.599694 12083.599694 18722.195941 19277.889638 3319.307430 2288.664184 1647.914806 1647.914806
411691.326517 386935.388377 411691.326517 397859.645565 345810.161738 286250.193877 210570.010124 157474.362670 114670.002345 85506.316002 78478.207514 84902.598647 75075.749760 -9999.000000 -9999.000000 -9999.000000 -9999.000000 1.872617 1.872617 1.866781 1.866781 12863897.049746 9912435.763525 7897113.633186 7230266.277050 7230266.277050 8031624.095628 2244232.292369 2099834.319298 3753271.491067 7049067.406368 7049067.406368 7049067.406368 9482439.303770 565140.980471 565140.980471 697563.496165 795212.993584 795212.993584 2149807.175186 2149807.175186 4391823.858519 4391823.858519 1075.592632 1050.758116 1050.758116 832.104604 1786.013242 614.852169 1647.914806 841.523176
410169.258391 411691.326517 411691.326517 453904.411785 345810.161738 272682.346750 210570.010124 158902.686274 114670.002345 85506.316002 85506.316002 70609.533851 70609.533851 60926.156458 -9999.000000 -9999.000000 -9999.000000 1.333345 1.354794 1.354794 1.866781 10643069.199488 9912435.763525 7897113.633186 6719118.087992 5806937.893270 5806937.893270 1615922.356586 1615922.356586 1998163.907113 3764300.858351 3764300.858351 7049067.406368 222782.724343 484527.239631 484527.239631 551983.035791 551983.035791 551983.035791 1471082.009948 1460991.175228 2843647.006348 1045.295230 1061.397036 668.647333 653.726990 521.042267 1200.336120 1159.480550 421.138588 359.882576
