ASCII/bv_result_4.txt
ncols         489
nrows         533
xllcorner     593175.11526712
yllcorner     2721796.0885475
cellsize      29.615804956512
NODATA_value  -9999
[rows 150 to 174 of 533, columns 114 to 170 of 489]
0.253899 0.257675 0.257675 0.257729 0.272890 0.276995 0.276995 0.285050 0.289026 0.293209 0.297432 0.301666 0.306113 0.310609 0.315191 0.319808 0.324445 0.329267 0.334035 0.338766 0.343733 0.348676 0.348676 0.358819 0.405945 0.406145 0.385566 0.391180 0.396896 0.402709 0.408644 0.414711 0.420468 0.420468 0.426528 0.432622 0.432609 0.432609 0.432614 0.432343 0.432016 0.432257 0.438570 0.438570 0.484190 0.476317 0.483121 0.482909 0.489594 0.489453 0.489452 0.489848 0.489912 0.530420 0.455413 0.462019 0.468770
0.253928 0.253926 0.254018 0.268977 0.272890 0.272854 0.272854 0.280865 0.289026 0.293189 0.297299 0.301666 0.306084 0.310545 0.314958 0.319678 0.324445 0.329267 0.329267 0.338766 0.343733 0.348676 0.353628 0.358799 0.364239 0.369720 0.375039 0.380341 0.385902 0.391595 0.408484 0.414341 0.414341 0.414341 0.420320 0.426332 0.426317 0.426309 0.426279 0.426003 0.426109 0.426241 0.432282 0.477267 0.477267 0.476313 0.476208 0.476208 0.476208 0.475887 0.482779 0.482805 0.442123 0.448659 0.455306 0.462019 0.468770
0.246860 0.250384 0.265129 0.268977 0.268872 0.268872 0.276672 0.284779 0.284779 0.292993 0.292993 0.301573 0.301573 0.310292 0.315001 0.319759 0.324454 0.324465 0.333869 0.338490 0.343551 0.348599 0.353628 0.358799 0.364239 0.369720 0.375039 0.380341 0.385902 0.391595 0.397302 0.402906 0.408417 0.414235 0.420121 0.420121 0.420097 0.420074 0.420053 0.419961 0.450915 0.457489 0.464052 0.470638 0.469631 0.469631 0.469405 0.469405 0.469496 0.475887 0.475892 0.435718 0.442563 0.449147 0.455845 0.462614 0.469423
0.243368 0.246860 0.265129 0.265056 0.265056 0.272632 0.280551 0.280561 0.288685 0.288727 0.297212 0.297212 0.305718 0.310320 0.315001 0.319759 0.319759 0.329005 0.333512 0.338490 0.343551 0.348599 0.353481 0.358733 0.364174 0.369676 0.375073 0.380403 0.385902 0.391238 0.397083 0.402906 0.402906 0.408517 0.414201 0.414049 0.414049 0.414021 0.414059 0.444383 0.450915 0.457489 0.457489 0.464052 0.463008 0.462922 0.462637 0.462616 0.469020 0.469026 0.400127 0.406094 0.406155 0.449073 0.455744 0.462503 0.469363
0.243304 0.257538 0.261279 0.261279 0.261279 0.268735 0.276441 0.280390 0.284503 0.288744 0.292976 0.205526 0.208580 0.211697 0.314993 0.315041 0.324193 0.324193 0.333499 0.338206 0.343270 0.348346 0.353481 0.358733 0.364174 0.364174 0.369676 0.375073 0.385478 0.391238 0.397083 0.397083 0.397111 0.402642 0.408279 0.408148 0.408159 0.408193 0.438023 0.444386 0.450885 0.450893 0.450893 0.457354 0.456362 0.456317 0.372957 0.378231 0.383607 0.389386 0.389464 0.406144 0.412154 0.412154 0.455744 0.462503 0.436532
0.180969 0.253945 0.257579 0.257579 0.257521 0.272416 0.193908 0.196800 0.199602 0.202560 0.205567 0.208618 0.208583 0.211728 0.214842 0.214842 0.319428 0.328592 0.333249 0.338206 0.343270 0.348331 0.353438 0.358722 0.358694 0.364205 0.369659 0.369659 0.385485 0.391177 0.391202 0.391202 0.391280 0.396781 0.402344 0.402448 0.402448 0.431874 0.328445 0.438245 0.444491 0.444446 0.444446 0.449924 0.367737 0.373110 0.373013 0.383883 0.383878 0.389438 0.395334 0.395334 0.412154 0.418157 0.424235 0.430223 0.436605
0.180969 0.183562 0.183562 0.253970 0.188220 0.190964 0.193908 0.196853 0.199738 0.202572 0.205587 0.208659 0.211766 0.211728 0.214842 0.217905 0.227322 0.328517 0.333368 0.338278 0.343269 0.348292 0.353450 0.353367 0.358723 0.364137 0.364137 0.364291 0.385499 0.385499 0.385445 0.385445 0.385585 0.314530 0.319196 0.323903 0.323903 0.328536 0.328499 0.333258 0.333258 0.342728 0.342697 0.362672 0.362613 0.373137 0.378678 0.378663 0.389761 0.389761 0.395319 0.401107 0.412581 0.418484 0.424277 0.430521 0.436605
0.186115 0.186115 0.186115 0.186078 0.188220 0.190964 0.193859 0.196810 0.199774 0.202693 0.205587 0.208659 0.211766 0.214867 0.217905 0.220819 0.224070 0.230681 0.230681 0.237420 0.237550 0.240972 0.240984 0.272970 0.272958 0.277018 0.284632 0.288782 0.293003 0.293003 0.301371 0.305618 0.310032 0.314530 0.319195 0.323924 0.328683 0.333406 0.333406 0.333393 0.338177 0.347768 0.347739 0.352621 0.368073 0.368073 0.378760 0.384445 0.384445 0.395617 0.401092 0.406810 0.412655 0.418635 0.424649 0.430521 0.436782
0.186115 0.188770 0.188707 0.188707 0.202490 0.205493 0.193859 0.196810 0.199774 0.202693 0.205663 0.208697 0.211766 0.214867 0.220824 0.224105 0.224105 0.227414 0.234108 0.234108 0.240967 0.244531 0.244531 0.244519 0.276921 0.277018 0.281179 0.285316 0.293003 0.297196 0.301371 0.305639 0.310029 0.314515 0.319195 0.323924 0.328683 0.333503 0.338342 0.338342 0.343158 0.352876 0.352876 0.357849 0.368073 0.373624 0.373624 0.384445 0.390190 0.395617 0.401218 0.406762 0.412655 0.418635 0.424649 0.430729 0.436834
0.183538 0.186162 0.191472 0.191475 0.191475 0.205548 0.208606 0.211671 0.214856 0.218046 0.218046 0.211457 0.214557 0.217644 0.220824 0.224105 0.227414 0.230728 0.234108 0.237593 0.241043 0.244549 0.248200 0.248200 0.251794 0.281101 0.285331 0.285331 0.289477 0.289523 0.302013 0.305639 0.310029 0.314580 0.319201 0.323932 0.328711 0.333503 0.338342 0.343204 0.348046 0.352978 0.358011 0.363134 0.368401 0.368401 0.378964 0.384507 0.390190 0.395772 0.401218 0.406762 0.412521 0.418497 0.424649 0.430729 0.436834
0.183538 0.186123 0.188922 0.194303 0.194303 0.205625 0.208606 0.211697 0.214856 0.218056 0.221259 0.221288 0.221303 0.224546 0.224546 0.240566 0.244013 0.247562 0.234140 0.237593 0.241043 0.244549 0.248200 0.251917 0.255591 0.255591 0.285331 0.289477 0.293593 0.293593 0.297720 0.306223 0.310043 0.314580 0.319201 0.324367 0.329205 0.333697 0.338507 0.343204 0.348046 0.352978 0.358011 0.363134 0.368401 0.373624 0.378639 0.384134 0.389828 0.395534 0.401218 0.406762 0.412521 0.418497 0.418497 0.424438 0.430465
0.185997 0.186123 0.188922 0.191702 0.197103 0.205625 0.208606 0.205939 0.214851 0.218056 0.221292 0.224579 0.224618 0.224618 0.227889 0.240555 0.244091 0.247562 0.251198 0.254821 0.258623 0.258623 0.262534 0.251917 0.255591 0.259300 0.285476 0.289477 0.293593 0.297750 0.297750 0.302007 0.310662 0.315196 0.319891 0.320019 0.329205 0.334013 0.338507 0.343264 0.348127 0.353077 0.358078 0.363134 0.368401 0.368401 0.378639 0.384134 0.389828 0.389828 0.395534 0.400950 0.406506 0.412297 0.412241 0.418076 0.437805
0.186007 0.188789 0.191632 0.194456 0.194456 0.199932 0.202845 0.205939 0.209068 0.209060 0.221304 0.224653 0.227947 0.227947 0.231209 0.240555 0.244069 0.247673 0.251170 0.254945 0.258623 0.262512 0.266394 0.266447 0.266447 0.262906 0.278198 0.282022 0.293516 0.297750 0.302007 0.306297 0.310662 0.315196 0.319927 0.324731 0.324791 0.329458 0.338507 0.343264 0.348127 0.353077 0.358078 0.363207 0.363184 0.363184 0.373241 0.384084 0.384067 0.384067 0.389719 0.395068 0.395068 0.406179 0.406140 0.431315 0.431282
0.183559 0.188802 0.191635 0.194465 0.197252 0.200073 0.202845 0.205895 0.209046 0.212254 0.212254 0.224653 0.227947 0.231209 0.234469 0.240524 0.244065 0.247723 0.251401 0.254927 0.258766 0.258766 0.266451 0.270327 0.270327 0.266547 0.266547 0.286118 0.286104 0.286104 0.290248 0.302650 0.302646 0.302646 0.319927 0.324731 0.329458 0.334013 0.334013 0.343221 0.348055 0.353008 0.358072 0.357995 0.357995 0.357972 0.378595 0.378500 0.378454 0.384038 0.389341 0.389341 0.389341 0.385784 0.391439 0.391439 0.427985
0.183565 0.186318 0.191712 0.191723 0.197292 0.200119 0.203004 0.205895 0.209046 0.212254 0.215456 0.224789 0.227947 0.230978 0.234425 0.237898 0.241423 0.247774 0.251448 0.255161 0.258766 0.262645 0.266505 0.270327 0.274189 0.270327 0.282053 0.286202 0.290411 0.290411 0.294598 0.294609 0.307217 0.307217 0.311645 0.320340 0.324918 0.329458 0.329706 0.325176 0.347990 0.352904 0.352904 0.352759 0.352744 0.362952 0.368182 0.373194 0.378593 0.383778 0.383778 0.383766 0.383879 0.385784 0.391439 0.397179 0.402905
0.186333 0.186333 0.189094 0.194545 0.194545 0.200174 0.203049 0.205990 0.212186 0.215456 0.218628 0.221625 0.224692 0.231122 0.234410 0.237951 0.241523 0.245082 0.251448 0.255161 0.258931 0.262645 0.266505 0.270327 0.270546 0.277926 0.282054 0.286295 0.290531 0.294752 0.298968 0.298968 0.307217 0.311645 0.315931 0.320340 0.324918 0.324918 0.325176 0.325176 0.343322 0.343322 0.347908 0.342989 0.357671 0.362952 0.362952 0.368182 0.373363 0.378288 0.378205 0.378407 0.380041 0.385654 0.391394 0.397179 0.402905
0.186333 0.189094 0.191841 0.194545 0.197361 0.200174 0.203049 0.205990 0.209110 0.212315 0.215456 0.224802 0.228028 0.228033 0.234617 0.237951 0.241523 0.245088 0.248637 0.252144 0.255789 0.259372 0.266505 0.266505 0.270467 0.274408 0.282054 0.286295 0.290531 0.294752 0.298968 0.303130 0.307217 0.311645 0.311645 0.320320 0.320320 0.320306 0.320576 0.320584 0.338445 0.338435 0.342989 0.338208 0.357662 0.352863 0.358098 0.363208 0.358098 0.352982 0.372889 0.374553 0.380041 0.385654 0.391394 0.397179 0.397179
0.192065 0.194848 0.191841 0.194601 0.197361 0.205935 0.208901 0.211975 0.215201 0.212315 0.212315 0.224902 0.228010 0.231484 0.231484 0.238102 0.241581 0.245088 0.248637 0.252228 0.255866 0.259388 0.263060 0.266782 0.270467 0.274408 0.278433 0.282481 0.286485 0.290570 0.294724 0.298968 0.307348 0.307348 0.307237 0.315725 0.315705 0.315712 0.315957 0.315905 0.333480 0.333485 0.337992 0.333309 0.347680 0.352865 0.358098 0.358098 0.352982 0.347978 0.367645 0.369322 0.379814 0.385402 0.391123 0.396931 0.402760
0.191977 0.194817 0.197688 0.200434 0.203324 0.206123 0.208871 0.212011 0.215201 0.218462 0.221717 0.225006 0.228318 0.231484 0.234960 0.234960 0.241754 0.245233 0.248689 0.252267 0.255866 0.259518 0.263060 0.266782 0.270567 0.274441 0.278433 0.282481 0.286485 0.290570 0.290570 0.294724 0.302912 0.302864 0.302735 0.302735 0.311110 0.311133 0.311352 0.311352 0.328648 0.328648 0.333105 0.342625 0.347670 0.352865 0.352865 0.352908 0.352908 0.347840 0.364093 0.374425 0.379814 0.385402 0.391123 0.396931 0.384776
0.189277 0.194817 0.197680 0.200567 0.203376 0.206355 0.209226 0.212029 0.215252 0.218501 0.221766 0.225099 0.228431 0.231762 0.234960 0.238368 0.241814 0.245233 0.248712 0.252267 0.255903 0.259518 0.263116 0.266782 0.270567 0.274441 0.278399 0.278399 0.282318 0.286326 0.286320 0.290410 0.290410 0.298428 0.298309 0.298340 0.306700 0.306700 0.306922 0.306922 0.323984 0.323934 0.328333 0.342588 0.347670 0.347771 0.347771 0.347891 0.347891 0.348315 0.353212 0.358102 0.363068 0.368264 0.373631 0.379110 0.384738
0.192073 0.194867 0.197680 0.200520 0.203531 0.206436 0.209471 0.212384 0.215252 0.218501 0.221766 0.225099 0.228431 0.231762 0.235101 0.238438 0.241814 0.245233 0.245233 0.252267 0.255903 0.259518 0.263116 0.266724 0.266724 0.270436 0.274280 0.274263 0.278113 0.282051 0.282050 0.286116 0.286181 0.294124 0.294023 0.302277 0.302277 0.302340 0.302644 0.302644 0.302729 0.328123 0.332677 0.337822 0.342657 0.342741 0.343006 0.343006 0.369301 0.369284 0.369284 0.369293 0.388432 0.388455 0.388669 0.379855 0.379726
0.192046 0.194774 0.197605 0.200491 0.203541 0.206615 0.209529 0.212583 0.215559 0.218761 0.221815 0.225099 0.228431 0.231762 0.235101 0.238438 0.241814 0.241814 0.248687 0.252223 0.255759 0.255759 0.259286 0.262811 0.262776 0.266394 0.270155 0.270149 0.273968 0.277862 0.281928 0.282067 0.310297 0.314837 0.314814 0.314814 0.314755 0.323516 0.323516 0.298546 0.298809 0.328123 0.332677 0.337376 0.333345 0.338095 0.338208 0.366444 0.369262 0.374782 0.374782 0.374775 0.388350 0.391323 0.391358 0.391564 0.382634
0.189392 0.194847 0.197607 0.200491 0.203541 0.206615 0.209657 0.212583 0.215701 0.218888 0.221976 0.225214 0.228456 0.231741 0.235039 0.238376 0.238381 0.238381 0.248547 0.248547 0.251986 0.251953 0.255395 0.258848 0.258812 0.262391 0.266120 0.266120 0.273837 0.277873 0.305741 0.310229 0.314850 0.314861 0.319514 0.319514 0.319459 0.328312 0.328312 0.332876 0.332766 0.337546 0.337487 0.337487 0.342251 0.349479 0.361294 0.366745 0.371951 0.374782 0.380319 0.380319 0.394126 0.391382 0.394241 0.394241 0.394319
0.192183 0.192183 0.197689 0.200542 0.203583 0.206640 0.209660 0.212694 0.215701 0.218888 0.222107 0.225305 0.228524 0.231743 0.235013 0.235020 0.234979 0.234979 0.244925 0.244925 0.248207 0.248162 0.251549 0.254951 0.254933 0.258507 0.262203 0.269841 0.273859 0.301171 0.305665 0.310229 0.314864 0.319560 0.319560 0.324226 0.324140 0.333158 0.337781 0.337781 0.337637 0.342527 0.342527 0.342536 0.347342 0.354659 0.356838 0.366745 0.372234 0.377413 0.385832 0.385832 0.385803 0.397009 0.394241 0.397063 0.397063
0.192183 0.194903 0.197689 0.200573 0.203585 0.206640 0.209660 0.212694 0.215721 0.218861 0.222080 0.225305 0.228524 0.231743 0.231737 0.231641 0.231641 0.231567 0.241319 0.241289 0.241289 0.244462 0.247806 0.251192 0.254785 0.258420 0.292178 0.296496 0.300852 0.305356 0.309959 0.314635 0.314864 0.319560 0.324226 0.328838 0.328774 0.338029 0.342830 0.342830 0.342779 0.347713 0.347762 0.347762 0.352610 0.360005 0.362169 0.362183 0.377673 0.377673 0.382889 0.391417 0.391417 0.394260 0.399865 0.399895 0.399895
