ASCII/bv_result_1.txt
ncols         489
nrows         533
xllcorner     593175.11526712
yllcorner     2721796.0885475
cellsize      29.615804956512
NODATA_value  -9999
[rows 299 to 321 of 533, columns 306 to 356 of 489]
0.018530 0.012718 0.008547 0.008547 0.008832 0.008832 0.015828 0.016150 0.016560 0.018922 0.157835 0.088181 0.092310 0.009233 0.009351 0.009000 0.035484 78.048563 39.102188 22.357424 10.724048 5.129174 5.645246 2.977367 1.471177 1.000000 -9999.000000 -9999.000000 1.000000 7.202294 8.833425 7.202294 6.779491 5.564020 7.317665 5.921214 5.257457 3.954978 3.060804 2.387270 2.387270 1.903792 1.213846 0.965288 0.965288 0.811975 1.000000 -9999.000000 -9999.000000 -9999.000000 -9999.000000
0.019868 0.013463 0.013463 0.014155 0.014800 0.014839 0.026384 0.026384 0.026118 0.026118 0.255656 0.147600 0.156931 0.015602 0.015602 0.051663 119.225407 78.048563 39.102188 20.252734 10.724048 8.925563 4.387649 2.289299 2.172212 1.468832 -9999.000000 -9999.000000 -9999.000000 1.000000 6.094115 7.202294 8.150620 8.592403 7.317665 5.921214 4.818950 3.954978 2.805806 2.805806 2.560990 1.678881 1.334911 1.282915 1.021302 1.021302 1.148443 -9999.000000 -9999.000000 -9999.000000 -9999.000000
0.030189 0.019868 0.019868 0.021699 0.033843 0.054261 0.087346 0.144053 0.043616 0.042640 0.042640 0.414085 0.235662 0.243731 545.799183 397.441162 252.503369 162.632351 108.039886 42.826168 17.469598 9.120877 4.391920 2.289299 1.468832 1.000000 -9999.000000 -9999.000000 -9999.000000 -9999.000000 1.000000 7.118926 8.150620 7.621383 6.821035 5.898303 4.818950 3.542534 3.542534 3.361470 1.973222 1.760581 1.803729 1.441280 1.441280 1.583139 1.583139 -9999.000000 -9999.000000 -9999.000000 -9999.000000
0.032199 0.032199 0.030865 0.033843 0.054261 0.087346 0.087346 0.144053 0.221617 0.065034 0.085836 0.109377 4808.484664 5505.343156 578.117795 397.441162 260.918831 167.547661 105.764803 70.279297 27.966078 10.980833 4.495859 2.289299 1.468832 1.468832 1.000000 -9999.000000 -9999.000000 -9999.000000 -9999.000000 1.000000 8.150620 7.621383 6.821035 5.898303 5.898303 4.614135 4.781691 2.563011 2.563011 3.247944 3.247944 3.089216 2.111441 2.111441 -9999.000000 -9999.000000 -9999.000000 -9999.000000 -9999.000000
0.053263 0.054273 0.052506 0.058293 0.058293 0.149734 0.146572 0.146572 0.300124 0.085836 0.085836 14438.285565 14438.285565 14649.537176 3748.487153 3748.487153 636.645040 167.547661 105.764803 70.279297 27.966078 10.980833 4.495859 2.086170 1.477586 1.000000 -9999.000000 -9999.000000 -9999.000000 -9999.000000 -9999.000000 1.000000 8.778592 7.621383 7.011990 7.011990 7.681202 6.143868 3.396737 5.720849 4.265882 3.247944 2.658250 2.658250 1.000000 2.765695 -9999.000000 -9999.000000 -9999.000000 -9999.000000 -9999.000000
0.089631 0.090654 0.085261 0.085261 0.089564 0.233150 0.233150 0.233542 0.471316 0.128351 21546.185280 14438.285565 9560.426991 9560.426991 3434.987412 2347.273596 941.057898 395.864832 178.115088 74.765051 24.437716 10.110778 4.495859 2.086170 1.451653 1.000000 -9999.000000 -9999.000000 -9999.000000 -9999.000000 -9999.000000 1.000000 8.778592 8.392390 8.392390 8.392390 10.016616 4.475805 7.999316 5.684188 4.039729 4.039729 2.855268 2.855268 2.658250 -9999.000000 -9999.000000 -9999.000000 -9999.000000 -9999.000000 -9999.000000
0.142202 0.130158 0.130158 0.129185 0.136383 0.357551 0.357551 0.356997 0.189325 32934.114100 21546.185280 13768.102504 9560.426991 7218.508036 3434.987412 2346.254203 899.053615 357.639605 156.345738 74.765051 33.043534 13.864196 6.308376 4.694196 3.537198 2.506965 1.000000 -9999.000000 -9999.000000 -9999.000000 -9999.000000 1.000000 10.470912 10.506553 10.776170 10.776170 12.992183 11.234188 8.199448 5.684188 4.039729 2.855268 2.518170 2.855268 -9999.000000 1.442808 1.442808 -9999.000000 -9999.000000 -9999.000000 -9999.000000
0.205377 0.205377 0.205731 0.208090 0.219292 0.563800 0.543855 0.543855 48217.800495 32934.114100 20931.575614 13494.901658 9488.276663 7218.508036 5478.202904 2346.254203 899.053615 357.639605 156.345738 74.765051 20.198565 8.730054 6.308376 4.694196 3.355090 2.506965 1.000000 1.000000 1.000000 1.156440 1.304847 1.552855 1.793261 11.999467 10.190615 10.977018 15.995249 9.373911 6.539331 4.482323 3.295168 2.316265 2.518170 2.303051 -9999.000000 1.442808 1.000000 -9999.000000 -9999.000000 -9999.000000 -9999.000000
0.327278 0.327278 0.328617 0.333646 0.345393 0.848507 6417.126846 1310.445277 896.666253 31629.545677 20658.484086 13572.138851 9488.276663 58.912943 40.006384 2192.876606 861.712459 357.639605 156.345738 -9999.000000 20.198565 8.730054 6.475310 4.518561 3.355090 1.271523 1.271523 1.156440 1.156440 1.304847 1.552855 1.552855 10.152939 10.190615 10.152939 11.015855 12.349391 9.728937 6.645157 4.482323 2.990908 2.162758 2.182674 2.303051 2.368072 1.852784 1.372069 1.050495 0.891909 1.000000 -9999.000000
0.489431 0.489431 0.498317 0.508119 1.187366 14102.316893 4269.414140 4269.414140 889.177178 606.974510 405.789442 267.126205 183.338262 58.912943 40.006384 16.281688 6.691118 2.831478 1.000000 -9999.000000 -9999.000000 -9999.000000 6.091424 4.518561 1.717011 1.717011 1.747996 1.578011 1.584162 1.830156 2.189822 2.077655 12.030611 11.088205 11.088205 11.088205 14.957310 9.008251 6.652973 2.051239 1.400110 1.042504 1.037161 2.451917 2.368072 1.852784 1.852784 1.050495 1.050495 1.000000 -9999.000000
0.699176 0.699176 0.720531 33507.696074 20900.692379 14102.316893 8989.428282 2849.939393 2096.456009 596.737283 397.441722 259.485343 174.389920 123.810752 46.283919 19.149352 8.290936 1.000000 -9999.000000 -9999.000000 -9999.000000 -9999.000000 2.765849 2.238678 2.424274 2.424274 2.546084 2.305886 2.326458 2.735332 3.192689 22.643530 16.235489 13.187319 10.253116 11.036163 11.036163 10.406672 6.135564 4.516442 3.856681 3.159016 2.706330 2.451917 2.451917 1.091349 0.806527 0.591634 0.457452 0.423000 1.000000
104965.610773 51312.235032 51312.235032 33507.696074 20900.692379 13267.524265 8989.428282 6224.680043 1979.950647 1438.401112 397.441722 259.485343 173.400782 117.970772 83.620680 19.149352 8.290936 2.926246 -9999.000000 -9999.000000 -9999.000000 3.524386 2.765849 2.765849 3.255862 3.255862 3.358692 3.358692 3.385665 38.661310 29.029250 23.900887 17.698615 13.187319 10.752222 7.522888 7.522888 7.118873 6.135564 4.516442 3.856681 3.159016 3.159016 2.706330 2.645674 2.389918 1.802540 1.338492 1.007176 0.832132 0.878025
84135.564157 51312.235032 40746.350267 29480.743958 19811.754451 12836.603575 9198.366101 6224.680043 4248.766306 1438.401112 1011.984113 678.687925 173.400782 117.970772 83.104729 37.021601 18.253594 7.714338 1.000000 -9999.000000 1.000000 3.349431 3.349431 3.601891 3.601891 4.209731 4.535706 59.794344 45.239495 31.968633 29.029250 23.900887 17.698615 10.907366 10.752222 7.522888 5.370398 5.370398 5.174311 4.516442 4.516442 4.131488 3.602329 3.602329 3.081875 2.428214 1.802540 1.338492 1.007176 1.007176 0.919821
401074789.076878 77544.887349 40746.350267 29480.743958 19289.842723 12836.603575 9586.131924 6382.198221 4248.766306 3085.900603 1025.249325 678.687925 457.418339 192.873828 83.104729 37.021601 16.591006 7.714338 3.344216 2.862094 2.987388 2.862094 2.987388 4.060406 4.917820 4.917820 78.346992 47.722230 33.092045 33.092045 29.029250 17.789099 13.302111 10.907366 7.226718 6.812896 5.370398 6.148690 5.174311 5.174311 6.240267 5.798739 5.052357 4.273607 4.273607 2.428214 1.827209 1.416498 1.374259 1.110323 1.110323
357306913.550906 343864039.509067 61779.042172 46642.297008 31548.739562 21255.382921 14461.883159 9496.843020 6720.297287 3052.442299 2129.759020 1079.554508 457.418339 192.873828 83.104729 40.655024 16.591006 6.842698 3.066513 2.862094 2.862094 3.270845 3.300480 4.248249 98.639510 78.346992 60.781155 45.054259 33.092045 24.777267 24.003746 17.040709 12.011277 8.784231 7.226718 5.410917 5.370398 5.370398 6.620141 7.438813 7.438813 8.095427 6.780736 5.572025 3.164178 2.516253 2.379798 1.851016 1.542043 1.517901 1.000000
309688206.161478 286853987.842931 286853987.842931 43964.505546 29185.729489 18593.559943 12763.066320 9243.960399 6202.261812 4483.872376 2129.759020 925.107060 425.089938 195.609526 99.402901 40.655024 16.591006 7.824814 3.066513 3.066513 3.270845 3.270845 4.248249 4.248249 91.826581 91.826581 48.852181 45.054259 31.911237 23.596799 18.623455 17.040709 12.011277 8.784231 6.824500 5.410917 5.410917 6.917854 6.917854 9.717005 11.292851 9.416828 6.894976 7.040227 5.182662 3.899528 2.894743 2.238833 1.969861 1.400518 1.400518
228286168.186714 228286168.186714 221373995.585855 48241.394884 29185.729489 17601.880800 11661.539146 8146.112104 6202.261812 4483.872376 2129.759020 925.107060 925.107060 429.438658 99.960918 42.338198 20.503317 7.824814 7.824814 4.320366 4.345593 4.345593 5.892079 5.892079 91.826581 65.312303 47.065208 34.887262 34.887262 23.596799 18.623455 15.091306 12.011277 8.784231 6.824500 6.824500 7.514814 10.386372 10.386372 10.697828 14.764783 14.083201 9.662374 7.040227 5.182662 3.899528 3.001089 2.238833 2.238833 1.694825 0.935491
155644830.478167 156871089.697353 155132079.389667 41341.139871 29450.922163 17601.880800 11661.539146 8146.112104 6202.261812 4483.872376 4483.872376 2079.937232 2176.048093 230.598582 101.616994 51.390732 20.939565 21.628676 21.628676 6.914967 6.527644 6.375035 6.375035 119.367159 83.882972 60.222531 47.065208 34.887262 28.087625 23.596799 18.623455 15.091306 11.245612 9.027427 9.027427 9.494491 9.494491 11.056714 15.781872 15.866012 20.447994 14.083201 14.083201 7.293522 5.568225 4.307927 3.001089 3.001089 9.199649 7.851912 3.834337
110009268.780211 110009268.780211 109016080.726690 36550.703283 26081.907464 16431.683764 11661.539146 8146.112104 5582.906486 9930.973125 9930.973125 5019.643879 531.124683 235.725545 121.728062 121.728062 51.649121 55.819028 11.119828 9.956015 9.956015 8.978554 180.797397 124.036903 84.128208 60.222531 44.640176 34.887262 28.087625 23.197479 23.197479 15.075357 10.897074 10.934096 10.934096 12.682345 13.732010 13.732010 16.618752 23.399159 139.592126 12.223305 9.272878 9.272878 71.538904 50.667982 35.506562 25.352448 25.352448 7.851912 3.834337
110009268.780211 88259453.479324 85801862.903862 36550.703283 26081.907464 16431.683764 11290.456411 7511.081219 13101.878760 10299.629470 9419.766613 1103.916790 519.409694 274.461993 162.835162 162.835162 69.847920 16.106382 15.115272 14.597008 12.287905 12.287905 180.797397 124.792409 81.489864 60.222531 44.640176 44.640176 36.968033 31.970186 21.277037 15.075357 15.075357 14.789375 25.146087 25.146087 30.612478 34.148829 173.798203 133.238055 95.505689 95.505689 45.064575 37.251593 72.802580 50.869305 35.506562 25.352448 19.889646 19.889646 8.565908
20566876204.486172 90028017.641258 71688973.457627 71688973.457627 24152.311324 14574.776012 10201.475804 18224.588898 14412.882712 10299.629470 10299.629470 1232.955587 584.066092 212.734595 206.572967 206.572967 82.171206 19.729161 20.709151 17.481647 17.139334 253.981728 187.350459 125.767977 81.489864 81.489864 62.608972 62.608972 52.992435 46.512886 22.318866 21.823602 20.574605 20.574605 165.739096 165.739096 143.716791 151.210418 117.030368 92.036417 92.070909 69.968582 35.570600 36.634482 26.926948 47.668196 35.506562 27.140242 19.889646 17.096824 8.923479
6736920298.365458 90028017.641258 71688973.457627 67034058.683036 71688973.457627 14574.776012 14574.776012 25420.992940 14412.882712 14412.882712 14062.536694 1689.499443 797.917522 289.128261 271.968235 102.514922 447.017751 434.466563 434.466563 329.208723 329.208723 282.906761 167.325922 125.767977 116.989940 116.989940 85.979836 85.752307 70.883128 1585.879201 1351.578066 627.159509 274.244690 212.717283 182.050742 132.693413 101.165548 101.165548 77.878937 61.517167 62.887021 49.959071 48.945513 26.704910 26.704910 21.151859 35.193204 27.140242 19.889646 19.889646 20.019466
5434358088.314012 5434358088.314012 65340566.139538 59969961.850011 56914397.002069 51730042.366718 51730042.366718 50962956.456538 20234.864513 20234.864513 19617.982834 2377.246588 480.424421 362.504783 614.822494 450.570844 440.477885 299.385571 289.091378 289.091378 222.986670 206.801196 206.801196 175.913567 2787.101184 1897.161587 1869.250205 1561.791595 1428.372969 1514.300864 1351.578066 627.159509 274.244690 212.717283 182.050742 132.693413 101.165548 77.878937 58.105667 43.439967 43.439967 34.346539 34.346539 72.891771 20.741177 20.741177 35.193204 28.089947 27.161992 26.222724 4.913623
