ASCII/flow_acc.txt
ncols         489
nrows         533
xllcorner     593175.11526712
yllcorner     2721796.0885475
cellsize      29.61580496
NODATA_value  -9999
[rows 344 to 386 of 533, columns 96 to 191 of 489]
-9999 -9999 -9999 -9999 -9999 -9999 -9999 0 0 0 0 34 0 0 1 0 13 8 6 0 5 17 4 0 0 0 1 1 3 17 20 21 22 244 23 2 1 0 5 0 15 12 5 0 2 7 12 2 61 1 1 0 0 1 2 6 6 1 12 0 21 17 1 6 6 9 7 5 2 2 0 1 10 0 3 1 1 3 5 0 9 11 14 30 32 34 84 0 4 8 0 1 0 1 3 2
-9999 -9999 -9999 -9999 -9999 -9999 0 0 1 0 2 35 1 3 0 0 14 0 0 0 27 2 1 0 0 2 0 2 0 0 0 0 0 268 24 5 1 0 0 6 17 13 6 1 0 12 13 3 64 2 1 0 1 0 2 3 7 15 0 14 1 22 20 7 7 10 8 6 3 0 4 0 2 11 5 0 2 0 0 7 0 1 1 0 0 0 0 86 0 15 1 2 0 3 8 0
-9999 -9999 -9999 -9999 0 0 0 1 3 1 0 39 2 6 0 1 15 1 1 29 0 0 0 0 0 2 6 8 12 14 16 1 1 295 0 6 2 1 1 0 7 32 7 2 0 0 28 4 68 2 1 0 2 1 3 0 4 0 16 0 15 2 52 0 8 11 0 16 4 1 5 1 0 15 6 0 1 3 1 0 0 0 0 1 0 1 0 1 89 90 18 4 0 13 0 0
-9999 -9999 -9999 0 0 1 3 1 2 4 3 40 3 7 2 16 0 2 32 1 1 1 1 0 0 0 0 0 0 0 0 18 23 322 0 10 0 0 4 0 9 0 41 0 4 0 0 35 72 0 2 4 2 0 0 5 0 5 1 17 1 21 53 1 9 12 0 18 5 0 8 2 1 16 0 8 2 4 2 0 1 0 0 0 2 0 3 5 7 8 100 125 1 14 2 1
-9999 -9999 -9999 1 0 1 0 4 2 3 9 0 45 12 0 19 0 36 0 7 2 0 3 0 1 0 1 1 1 1 1 0 0 323 0 0 12 0 2 8 20 22 42 6 0 0 2 0 109 1 12 3 0 1 0 7 0 2 6 27 28 22 54 2 10 13 1 19 6 0 10 0 5 0 17 10 3 5 3 1 2 0 1 1 1 3 0 0 0 1 2 3 128 15 5 2
-9999 -9999 -9999 0 0 1 2 1 5 9 4 11 46 13 20 0 37 1 8 0 1 0 0 5 2 0 1 2 2 2 7 9 0 326 1 13 0 0 0 0 0 0 77 9 0 0 1 3 1 125 0 2 0 0 2 12 0 0 4 5 0 52 0 55 14 14 0 22 0 7 9 11 1 7 18 0 21 0 4 2 0 4 0 2 2 9 0 0 1 2 3 0 4 150 9 2
-9999 -9999 0 1 0 1 2 3 2 0 16 0 73 0 22 38 2 14 4 2 0 1 1 6 3 4 1 2 3 3 4 10 0 329 16 0 1 1 1 1 0 2 78 0 0 0 0 3 10 144 5 1 0 1 0 0 13 1 2 3 10 65 0 1 71 15 1 23 0 1 0 10 25 8 19 23 0 1 5 3 1 0 5 1 3 0 11 0 0 0 0 5 1 163 0 5
-9999 -9999 0 0 2 1 4 8 16 0 0 17 75 1 62 3 15 0 0 0 6 2 8 0 0 0 5 8 16 17 0 5 11 12 347 1 2 0 2 2 2 0 4 80 1 1 0 0 0 145 0 1 0 2 0 2 4 19 0 0 0 0 66 1 74 16 26 0 1 0 2 1 0 35 20 24 1 2 6 0 4 3 6 2 0 4 1 13 0 1 1 0 6 0 171 0
-9999 -9999 -9999 3 4 8 11 0 1 19 21 23 18 76 69 16 5 3 1 0 0 17 0 0 0 2 1 0 1 2 18 7 0 0 363 3 0 1 3 0 6 0 0 5 85 0 0 2 1 147 2 0 3 0 0 0 0 0 21 23 25 27 96 97 2 92 28 0 2 0 1 7 1 0 36 48 0 3 7 1 0 5 11 3 1 0 7 0 15 0 2 2 1 180 0 0
-9999 -9999 -9999 -9999 0 1 0 14 0 0 1 41 87 0 164 6 0 0 1 1 18 0 0 0 1 0 6 0 0 0 3 19 8 1 365 5 2 0 4 0 8 0 1 7 86 1 1 3 0 153 1 4 0 1 0 1 2 0 0 0 0 0 0 0 99 103 228 1 3 0 1 2 8 2 1 86 1 4 8 2 1 6 12 4 0 3 8 1 16 0 2 3 5 181 0 2
-9999 -9999 -9999 -9999 1 0 0 0 16 18 38 1 3 95 265 8 1 2 0 21 1 0 1 0 1 2 0 7 1 1 1 4 25 37 414 3 0 1 0 6 0 9 3 8 87 2 2 0 5 156 0 7 0 0 2 1 2 3 1 1 1 3 1 1 0 0 229 0 0 5 6 7 11 21 25 2 89 5 9 3 2 7 0 18 1 4 9 2 0 17 18 3 4 188 1 0
-9999 -9999 -9999 -9999 -9999 0 3 5 10 18 0 2 2 2 2 275 2 4 22 2 0 1 2 1 0 2 4 8 0 2 2 2 3 4 420 0 1 2 0 1 8 10 4 9 91 0 3 0 7 158 8 0 0 0 4 0 2 3 4 2 2 0 6 0 3 0 231 2 0 0 0 0 0 0 0 27 121 143 14 0 3 0 8 20 2 15 0 0 3 1 0 19 4 194 2 0
-9999 -9999 -9999 -9999 -9999 0 0 3 4 1 1 1 1 1 0 5 279 5 27 0 1 2 3 2 0 1 10 0 9 1 3 7 0 1 0 422 2 4 0 0 2 9 16 10 92 1 0 4 168 9 1 1 0 1 5 1 0 3 4 10 3 8 0 7 1 5 0 235 2 0 0 1 1 1 1 0 0 144 0 0 2 7 18 60 19 0 1 1 4 0 2 1 20 200 3 0
-9999 -9999 -9999 -9999 -9999 0 2 3 0 0 0 0 0 0 0 0 7 314 0 0 2 8 4 3 5 6 0 11 1 10 2 0 8 0 2 424 3 5 1 0 4 10 0 28 93 2 0 175 0 12 2 0 1 2 6 2 1 0 4 0 11 0 9 1 8 2 7 236 3 0 2 0 2 2 2 3 0 146 1 0 0 0 0 61 0 0 4 13 0 0 2 5 0 21 205 1
-9999 -9999 -9999 -9999 -9999 0 0 1 1 2 3 4 0 0 1 0 1 326 1 3 9 1 0 0 1 3 11 1 12 2 11 3 1 9 11 3 429 6 0 3 5 11 1 29 94 3 177 0 1 16 1 2 3 0 7 3 0 2 1 5 13 0 1 12 24 0 4 8 241 1 3 0 4 0 3 3 5 147 2 1 0 1 2 62 1 0 0 14 0 0 0 4 12 13 36 245
-9999 -9999 -9999 -9999 -9999 -9999 0 0 3 4 5 0 5 1 1 2 3 0 329 14 2 0 0 0 0 1 2 15 2 16 15 0 4 2 3 12 4 437 1 4 6 0 14 125 4 0 178 0 3 19 3 4 1 0 0 8 5 0 5 0 21 0 1 0 0 25 0 6 16 244 0 4 6 6 4 0 4 154 3 2 1 2 0 66 3 1 0 0 16 1 0 0 0 0 0 0
-9999 -9999 -9999 -9999 -9999 -9999 1 2 0 1 2 9 1 6 4 0 0 4 1 350 1 1 2 0 0 0 1 2 19 20 46 63 1 5 0 5 13 443 446 5 7 0 16 131 1 179 0 0 1 24 9 2 1 0 0 10 6 1 0 6 0 22 3 1 0 1 26 0 0 17 245 1 0 7 12 0 6 155 0 4 8 5 0 1 71 2 1 1 0 19 0 1 2 0 1 2
-9999 -9999 -9999 -9999 -9999 0 1 1 0 1 0 0 11 2 12 0 3 0 8 351 2 3 0 0 0 0 1 5 6 7 3 13 80 83 90 91 98 118 0 448 463 465 466 618 0 180 1 1 2 25 10 3 2 1 1 11 7 0 2 4 7 1 23 6 1 2 0 27 1 1 18 246 2 12 13 0 1 165 1 0 0 16 0 0 3 77 2 0 0 1 20 1 5 0 1 2
-9999 -9999 -9999 -9999 0 0 0 0 3 0 4 0 0 13 30 0 0 49 51 361 7 1 1 0 0 1 2 0 1 2 8 1 0 1 2 3 4 0 120 0 1 2 0 619 0 182 2 2 3 26 11 4 3 2 2 20 0 0 1 0 6 15 2 34 0 5 1 28 0 4 0 20 268 0 28 1 0 0 168 0 1 18 0 1 2 85 3 0 2 2 21 0 2 7 2 3
-9999 -9999 -9999 -9999 0 1 0 0 1 6 7 5 7 8 9 42 43 0 0 52 370 6 1 0 1 0 0 0 4 7 0 0 2 4 5 6 7 23 37 159 0 0 3 1 621 0 186 3 4 27 12 5 4 6 0 21 2 0 0 2 3 4 21 0 36 7 2 29 1 0 5 0 8 278 0 31 33 34 205 0 1 21 1 0 0 0 86 92 3 3 0 22 1 5 14 18
-9999 -9999 -9999 0 0 1 5 7 0 1 2 8 0 0 0 0 0 0 0 2 53 378 1 0 3 0 0 2 0 0 0 0 0 0 2 3 14 12 1 2 163 1 1 6 622 1 187 4 5 28 13 6 5 8 22 0 3 1 0 1 0 0 1 22 0 37 11 30 2 1 0 6 0 1 280 0 0 0 0 206 232 0 0 2 1 2 0 1 99 4 0 1 23 0 0 0
-9999 -9999 0 0 0 0 0 1 10 11 12 16 26 1 4 2 0 0 1 0 57 379 3 4 1 0 0 0 0 1 2 4 5 0 0 9 11 0 2 3 4 169 172 175 806 2 188 5 6 29 14 7 6 32 6 4 0 2 1 0 2 4 0 2 23 1 50 31 3 3 0 0 0 1 286 0 0 1 1 1 0 233 2 0 5 3 0 0 1 100 6 0 2 24 26 1
-9999 2 0 3 0 1 0 0 0 0 1 2 3 35 0 5 3 1 1 2 442 0 9 4 1 1 0 0 1 0 1 2 0 6 7 9 0 1 0 1 2 3 4 5 852 856 857 1053 7 30 23 0 0 55 7 5 3 0 0 2 1 0 5 1 3 24 53 32 4 5 0 0 1 2 0 289 1 0 4 0 2 4 234 4 6 5 0 0 0 2 101 7 4 0 0 27
-9999 1 3 0 4 1 2 1 1 1 0 1 3 0 39 41 48 4 2 2 0 462 16 0 0 3 0 1 0 2 0 0 4 6 7 0 0 0 1 2 3 4 9 36 1 0 0 0 1054 39 25 0 59 1 0 0 0 0 1 1 3 2 1 6 2 4 79 0 33 11 2 0 0 0 3 0 292 0 6 1 0 0 246 0 0 16 2 0 0 2 108 0 13 0 1 1
0 0 0 5 1 5 8 12 2 5 8 0 0 1 0 1 2 54 0 3 3 0 464 1 4 1 0 2 1 0 3 1 0 1 0 0 0 0 0 1 2 3 25 0 0 0 1 1 1056 66 1 0 60 1 0 0 0 1 1 2 2 4 5 0 7 3 85 0 35 0 17 1 0 2 10 0 295 1 7 2 0 1 247 0 2 17 0 0 1 0 1 111 127 1 0 2
0 0 0 1 8 11 12 13 27 28 29 39 40 41 42 0 0 59 1 8 0 0 0 472 2 0 4 0 0 2 5 0 2 0 4 0 1 4 0 16 23 24 4 5 14 16 1 2 2 1126 1 64 2 1 0 1 0 1 2 2 6 0 11 1 8 4 86 1 61 24 1 0 0 1 0 12 0 298 0 8 3 3 0 249 3 0 19 1 2 0 0 0 1 130 133 1
0 1 1 0 0 1 0 0 1 0 1 2 3 4 5 49 1 2 62 10 0 1 1 476 0 1 5 1 1 3 0 7 3 0 0 5 7 8 14 5 1 3 5 7 0 1 19 22 3 1132 65 0 2 0 0 0 2 1 5 0 3 7 13 2 14 0 154 64 1 1 0 0 0 1 2 3 13 315 0 0 10 4 10 0 254 1 0 22 3 1 1 0 0 0 0 135
2 0 2 2 1 0 3 5 8 0 1 2 0 1 2 3 54 56 136 12 0 0 4 477 3 0 8 0 0 6 0 9 4 1 1 0 0 1 4 0 0 4 0 2 3 4 5 8 36 37 1242 6 1 0 0 1 1 3 8 0 1 12 14 3 16 155 0 0 0 0 0 1 0 0 1 0 4 316 0 1 0 12 18 30 36 294 0 1 27 2 2 1 1 0 1 0
4 0 1 6 9 0 1 2 17 28 30 31 35 36 0 0 0 0 138 0 0 9 0 483 4 1 9 1 1 7 1 10 5 0 4 1 0 1 0 2 3 0 1 0 0 0 1 0 3 4 0 1250 0 1 1 0 2 2 13 0 1 17 15 21 0 157 1 0 0 0 0 5 0 0 0 3 10 317 1 0 2 4 1 3 0 1 297 329 0 4 0 3 4 1 2 1
7 1 2 0 0 11 12 13 0 0 0 1 2 0 38 40 42 45 46 189 190 10 0 484 0 0 16 0 0 11 14 26 6 1 0 7 0 0 0 0 0 1 2 0 1 3 0 1 0 1 0 1 1252 2 2 0 1 3 17 0 2 0 57 0 1 158 3 1 0 0 1 0 7 0 2 0 0 13 332 3 0 0 0 0 0 0 0 331 0 0 6 12 0 7 3 2
14 2 3 1 0 0 1 2 3 4 5 0 1 3 0 0 1 0 1 0 0 191 12 0 486 0 17 0 0 0 0 0 37 0 1 10 12 1 0 0 1 0 0 3 1 0 4 0 0 0 2 1 1255 3 3 1 0 7 18 0 0 3 58 1 0 166 0 4 0 1 0 2 9 0 0 4 0 0 0 337 0 0 0 1 3 1 1 334 0 1 0 0 14 24 4 0
0 22 0 2 1 0 0 1 0 0 0 7 8 13 18 20 21 22 23 24 26 1 205 1 487 19 0 0 1 1 3 40 0 0 0 0 0 14 18 20 21 24 26 28 4 2 1 8 0 1 6 0 2 1256 1265 2 0 8 19 0 2 4 70 0 168 0 5 0 0 2 1 3 10 9 7 0 0 0 1 339 2 0 0 0 0 4 7 8 360 2 0 1 373 399 0 5
6 23 4 2 0 0 1 0 3 1 1 0 1 7 8 9 10 0 1 0 1 29 208 2 488 20 1 1 2 0 0 45 1 1 1 0 1 0 0 0 0 0 0 1 31 37 41 51 0 1 2 7 1 5 78 1360 1364 1376 1397 0 0 0 71 0 1 176 0 1 4 0 0 2 20 33 0 0 0 1 1 342 4 0 0 1 3 1 2 14 1 364 368 370 12 413 1 0
11 43 0 8 1 1 0 2 0 4 2 5 6 0 1 26 27 11 0 3 4 5 245 3 510 0 2 2 3 1 0 47 2 2 2 1 0 2 1 1 1 2 0 0 1 0 0 1 54 56 57 61 70 71 14 0 0 0 0 1398 1 4 77 79 2 177 1 2 6 1 0 0 0 0 34 1 0 1 2 350 0 1 0 1 2 7 10 0 0 0 1 11 0 1 417 0
9 10 55 1 13 2 1 0 3 1 5 0 1 0 23 0 0 28 12 0 0 1 2 249 515 4 0 0 7 0 2 4 56 3 3 0 2 1 3 2 2 5 1 0 0 3 5 0 0 0 1 2 9 12 0 0 2 3 6 1399 0 0 0 0 80 3 180 3 9 1 0 0 0 0 0 35 2 4 10 11 352 2 0 1 2 0 0 0 0 3 10 0 0 1 420 1
2 0 0 57 0 17 2 1 0 4 14 15 17 21 0 0 2 1 29 14 0 0 1 0 767 5 1 1 8 1 0 0 0 57 8 0 1 3 2 4 3 9 0 2 1 2 0 6 1 3 4 5 0 0 0 1 2 3 4 1412 0 5 0 0 2 84 4 185 12 1 1 0 1 1 1 0 36 0 0 0 12 356 1 0 0 5 0 0 1 0 0 0 0 1 425 4
0 3 5 0 59 1 18 5 0 1 0 0 0 0 1 1 2 3 36 0 15 1 0 2 0 774 4 9 0 0 2 2 3 5 58 10 0 2 4 3 9 4 10 4 0 0 3 1 7 0 0 0 0 0 0 0 1 2 6 9 1423 6 0 0 1 2 88 280 19 3 0 1 2 0 4 1 37 0 1 1 1 13 359 0 9 0 0 0 0 0 0 0 0 1 434 0
1 1 0 6 0 60 21 6 3 0 0 0 0 0 0 3 4 8 0 38 16 0 2 4 3 776 17 1 0 0 4 0 0 0 6 59 11 1 5 5 0 16 11 0 5 1 1 4 2 8 2 1 0 1 2 0 1 2 0 0 0 1425 8 0 1 2 3 285 25 4 3 2 3 5 11 14 38 0 3 0 3 6 381 383 395 0 0 2 1 1 0 1 1 0 0 436
3 2 2 1 7 1 83 7 5 0 1 0 1 1 1 0 1 6 17 18 75 76 78 79 95 96 892 1 1 5 1 0 0 1 1 7 60 12 0 6 6 0 17 12 1 10 0 7 3 0 9 5 1 2 3 0 0 0 0 0 0 2 1449 1450 1451 1452 0 287 28 1 0 0 0 0 0 0 56 1 4 5 6 7 8 0 0 396 1 0 8 0 0 2 2 3 1 438
0 4 3 9 0 8 86 14 1 0 2 0 1 2 2 2 3 0 1 0 0 0 0 3 1 0 0 895 2 8 0 0 1 1 4 8 61 0 13 8 0 7 1 18 13 0 11 1 8 13 25 0 8 8 0 1 0 1 1 2 0 8 1 2 3 5 1462 1465 1784 0 0 2 0 0 1 2 57 0 0 0 0 1 2 14 0 1 401 0 407 9 1 423 427 431 438 440
0 1 5 0 12 0 9 102 2 4 0 0 3 3 0 3 0 0 1 2 2 0 1 0 0 1 1 1 899 9 1 1 0 5 5 0 71 0 2 17 9 1 10 2 22 14 1 12 2 0 0 27 47 0 0 0 2 3 2 3 7 0 0 0 0 0 1 1 0 1785 1 4 0 0 1 7 59 1 0 1 0 1 2 18 0 1 2 405 0 409 420 0 5 0 0 880
0 3 0 6 0 13 1 113 8 0 1 1 4 0 5 0 4 1 0 5 3 1 0 0 0 0 2 2 905 10 2 0 2 6 0 6 73 0 0 0 18 29 30 42 50 74 94 0 13 18 0 22 23 72 75 1 7 0 0 0 0 0 0 0 0 0 0 0 0 1788 0 7 1 1 0 0 69 2 3 0 0 0 0 19 0 0 0 0 0 0 1 3 0 7 10 896
12 14 20 21 7 1 14 2 123 1 4 0 5 1 0 6 13 0 2 7 6 0 1 0 2 0 1 5 0 917 3 0 4 7 8 0 0 74 1 1 1 2 0 6 0 1 0 95 1 0 19 0 0 2 3 76 10 1 1 2 0 0 1 1 2 0 0 1 3 5 1797 1806 2 3 0 0 70 8 4 1 8 2 20 0 0 1 2 0 3 0 0 0 1 2 3 897
