ASCII/flow_acc.txt
ncols         489
nrows         533
xllcorner     593175.11526712
yllcorner     2721796.0885475
cellsize      29.61580496
NODATA_value  -9999
[rows 430 to 472 of 533, columns 96 to 191 of 489]
0 0 0 33 73 5 1 0 0 6 0 0 0 1 2 6 1516 1 7 0 1 2 12 4 1 0 1 124 3 4 0 1 1 0 0 0 0 4 2 4 6 8 17 23 0 0 0 0 0 0 0 0 1122 1130 1134 1142 1 1 0 0 0 0 0 6 0 8 12 13 0 3007 4 0 2 1 0 15 0 6 0 0 0 46 0 2 0 0 0 0 0 1 0 4 5 6 7 487
4 0 1 0 108 8 2 0 0 0 8 1 1 0 1 0 8 1517 1520 1530 1533 1539 18 0 0 0 6 132 4 8 2 2 0 0 0 1 3 1 3 0 0 7 1 2 0 2 4 7 11 12 13 14 53 4 0 0 1143 2 3 0 1 0 1 4 1 5 2 0 16 3008 5 0 0 3 7 24 26 27 4580 0 0 0 4663 4669 0 1 3 0 0 0 1 1 4880 4908 4911 0
5 0 1 2 113 12 0 0 0 1 0 9 2 2 0 3 0 9 0 0 0 1 1542 20 1 0 0 0 138 9 0 3 1 1 0 0 0 2 1 4 6 0 0 0 0 0 1 1 0 0 1 49 52 3 0 0 1146 3 4 0 4 0 1 0 0 4 1 0 1 3026 9 0 0 5 9 11 12 4542 0 4581 0 4612 0 3 4674 4677 4683 0 0 0 0 0 4878 26 0 4914
12 1 2 0 0 128 1 0 1 0 2 1 10 6 0 1 7 1 10 0 0 0 1 1545 1569 0 0 0 1 149 1 0 6 3 0 0 1 0 0 0 0 0 0 0 0 0 0 0 1 2 46 0 0 1 0 0 1148 4 5 1 7 0 0 0 1 0 0 0 5 3038 0 0 0 1 2 0 0 4528 0 0 4609 0 0 1 162 164 165 4850 4860 4862 4869 4872 4 25 0 0
694 717 718 723 724 855 4 0 2 1 3 2 0 11 7 0 0 8 13 0 1 1 0 2 0 1570 1 3 5 2 150 154 11 1 0 0 0 0 0 0 1 0 2 2 1 0 0 0 1 0 41 0 1 0 0 0 0 1155 6 11 0 0 0 0 0 0 0 0 1 3047 1 0 0 0 1 0 4521 3 0 1 19 5 0 0 160 0 2 6 0 5 0 0 3 4 19 1
6 0 2 7 8 9 871 0 3 2 0 7 1 20 0 0 1 3 13 14 3 53 0 0 3 1572 0 0 0 7 11 167 12 3 1 0 1 1 0 1 0 2 0 4 5 1 1 0 33 40 0 1 3 37 39 47 49 50 1219 13 0 0 1 0 3 3 0 0 1 3050 1 0 0 1 2 4517 1 1 0 14 1 4 0 1 159 0 0 0 1 2 1 0 1 3 18 0
4 0 1 1 1 2 3 872 878 3 16 10 21 1 0 0 1 3 6 36 49 0 54 0 58 1637 1 0 1 0 0 0 168 189 0 1 2 0 3 2 0 1 3 5 13 26 30 31 1 3 0 0 28 0 4 0 0 3 0 1234 1 2 0 0 9 0 0 0 5 3052 0 0 0 0 0 4513 0 0 10 2 0 3 0 2 5 150 2 1 0 1 0 0 1 2 17 11
0 0 0 0 0 1 2 7 891 892 895 913 22 2 1 0 0 1 0 3 3 0 0 55 0 0 1643 0 0 5 0 0 2 193 0 2 3 5 12 19 21 24 0 0 0 3 0 0 0 0 0 2 27 1 1 0 1 0 0 0 1238 3 0 1318 0 0 1 0 1 3061 1 0 0 2 4506 5 0 0 9 1 0 2 0 0 0 146 1 0 0 0 0 0 0 1 16 10
6 0 0 0 0 0 1 2 3 1 0 0 914 945 1 0 0 0 1 0 0 0 0 1 0 0 0 1646 1 6 0 0 0 194 4 0 0 0 0 2 0 1 25 0 0 0 0 0 0 1 8 22 0 0 0 0 2 35 39 40 45 1287 1305 0 1323 0 2 0 0 0 3065 0 0 4499 0 0 2 6 0 0 0 0 0 123 0 143 2 1 0 0 1 3 4 5 13 9
3 7 2 0 1 1 0 0 0 0 0 2 0 946 2 0 0 0 0 0 0 0 2 1 3 0 0 1 1657 0 0 2 1 196 6 1 0 0 0 0 0 0 29 0 0 0 2 0 2 3 0 12 0 0 0 0 27 3 1 3 1 1 9 0 5 1330 1334 1336 1338 1339 1340 4482 4495 2 0 0 0 5 0 0 5 6 122 0 129 9 3 0 0 0 0 1 2 5 0 8
0 4 8 3 1 4 2 3 0 0 0 4 948 3 0 0 0 1 1 2 0 1 0 5 0 6 0 1 1665 0 0 0 6 205 7 3 2 0 0 0 0 1 31 1 2 0 0 3 5 6 11 0 1 4 6 26 0 1 0 2 0 0 8 2 0 9 10 11 12 70 73 0 10 0 0 0 1 0 0 0 1 2 110 0 1 3 0 1 0 0 1 0 0 0 1 6
23 25 32 45 50 0 6 7 1 0 2 5 953 1 1 0 0 1 2 2 3 5 9 6 0 7 0 1 0 1666 0 1 7 206 8 3 1 0 1 0 2 3 32 6 0 2 0 0 0 3 1 3 5 10 13 4 0 0 0 1 6 7 0 0 7 0 0 1 56 1 0 0 6 1 0 0 0 0 0 0 0 0 109 0 0 1 0 0 0 1 1 3 0 0 0 0
5 0 2 1 2 57 58 7 10 1 3 6 956 2 1 0 0 2 2 3 3 4 0 10 8 8 0 0 1 4 1673 1676 8 223 6 4 0 0 0 2 3 4 33 7 4 0 0 0 1 0 0 0 0 2 1 1 0 0 1 5 0 1 2 6 0 1 2 51 0 0 0 3 1 0 0 5 7 2 0 0 0 0 107 0 0 0 0 1 4 0 0 7 1 0 0 0
1 1 0 1 2 0 1 77 0 11 6 7 960 2 1 0 0 0 3 3 4 0 5 7 20 9 1 0 0 1 4 5 1917 0 0 0 0 0 2 6 7 17 34 15 1 0 0 0 0 0 0 0 0 0 0 0 0 1 2 0 0 0 1 0 0 1 46 0 0 0 0 0 0 0 0 0 0 54 1 1 1 0 104 4 0 0 0 0 9 0 0 0 14 2 0 0
0 0 0 0 2 3 6 0 78 80 100 0 970 5 1 0 0 1 5 0 4 11 0 0 8 21 14 0 0 0 0 0 8 1927 0 0 1 1 0 1 6 7 61 17 0 0 0 2 1 129 1 1 0 0 0 0 0 0 0 0 1 1 0 0 0 2 6 35 3 0 0 0 1 8 10 11 38 0 58 61 64 98 0 0 0 0 9 14 15 28 0 0 0 15 1 1
0 0 0 0 0 1 0 1 2 3 115 0 0 977 2 2 0 2 0 7 8 10 23 2 0 46 0 0 0 0 1 6 0 0 1929 2 0 4 0 2 0 0 1 82 2 0 0 2 124 0 133 134 138 140 1 149 0 3 0 3 0 6 0 2 0 1 0 0 29 2 0 0 0 3 0 0 24 0 1 2 27 0 2 0 0 6 0 0 0 1 31 57 60 64 85 89
1 1 1 1 0 1 2 3 4 9 0 116 1 1 981 3 1 4 0 0 0 0 1 26 31 0 49 0 1 0 0 1 0 0 0 1933 6 0 0 0 0 1 2 3 91 0 0 116 0 0 0 0 0 0 146 0 150 0 4 4 0 0 7 4 0 0 0 1 6 18 8 2 0 2 0 0 23 0 0 0 18 3 0 0 3 0 0 3 11 14 23 1 0 2 1 0
1 4 2 0 2 0 1 2 3 0 1 3 117 2 984 4 2 6 1 0 0 0 0 1 4 37 42 96 4 1 0 0 4 0 2 1938 1949 1 0 0 0 0 1 2 3 96 114 0 0 1 4 1 1 0 1 0 0 153 5 0 5 0 178 194 0 0 0 0 3 8 0 4 0 1 0 21 0 0 0 14 1 0 1 1 0 0 1 3 2 1 2 2 0 1 0 0
6 0 9 0 24 28 0 0 1 0 0 0 4 121 985 5 3 11 1 0 1 1 0 0 0 0 1 1 102 0 0 0 0 5 6 7 1959 0 2 1 1 0 0 1 2 16 0 0 0 1 9 0 5 1 0 0 0 0 163 166 167 175 0 199 0 2 0 0 0 5 0 0 1 0 0 0 14 0 4 1 5 0 0 0 0 1 2 0 0 0 1 0 0 0 0 0
1 9 10 21 0 1 31 33 34 38 1 0 7 122 986 6 4 13 0 20 17 14 2 0 0 0 0 1 105 2 0 0 0 0 0 0 1969 0 8 2 0 0 3 6 11 0 0 0 1 0 10 8 0 0 0 3 1 0 0 0 0 1 2 0 202 6 1 0 0 4 1 0 0 0 0 5 4 1 3 0 4 1 0 0 1 0 0 0 0 1 0 0 0 0 0 2
2 3 4 5 0 1 2 3 4 28 68 71 108 240 987 7 5 14 22 0 0 0 7 6 2 0 0 0 1 111 2 0 1 0 5 8 0 1970 14 3 1 0 1 1 1 0 0 1 5 1 22 1 0 0 0 0 6 0 0 0 0 0 1 4 208 9 1 0 0 0 0 0 0 0 4 1 1 0 2 0 0 0 0 0 0 2 2 2 2 0 0 0 0 2 0 0
0 1 2 3 10 11 12 18 22 1 2 34 0 0 1230 8 6 40 0 0 0 0 0 0 1 0 0 1 4 5 119 2 0 0 0 0 0 1973 17 1 0 0 0 0 0 0 0 1 0 35 3 0 0 0 1 3 12 3 0 0 1 0 1 0 213 11 0 0 1 0 4 2 0 0 0 0 0 0 0 0 1 1 1 0 1 4 3 3 6 1 0 0 7 0 0 3
0 0 0 1 2 3 4 2 0 23 30 0 1 8 9 1255 49 0 0 0 3 8 6 3 0 0 0 1 0 127 0 0 3 0 0 0 0 0 1992 2 1 0 0 0 0 0 1 5 41 3 0 1 0 3 0 0 17 0 0 1 0 2 0 1 0 226 0 1 10 6 0 7 6 1 0 0 0 0 0 0 0 4 0 3 6 7 17 4 7 2 0 0 9 0 0 0
1 1 0 0 0 0 1 0 22 0 4 0 4 0 3 0 1307 0 0 0 4 9 1 0 1 0 0 1 2 3 131 0 0 5 8 16 20 21 2019 0 0 1 2 0 0 1 1 51 0 0 0 0 0 0 4 6 26 28 50 51 3 3 0 0 0 0 231 0 11 0 9 0 0 0 0 0 1 2 1 1 0 7 0 0 0 0 0 36 3 0 0 2 3 14 15 19
2 2 1 0 2 0 1 19 0 2 0 1 0 2 0 0 1308 0 0 1 8 14 1 0 0 0 0 0 0 138 0 0 0 0 1 2 1 0 2 2023 2040 2 3 1 1 0 2 56 0 0 0 0 0 3 0 0 13 19 0 0 59 64 75 76 80 89 90 323 348 10 0 0 0 0 0 2 2 3 5 10 20 0 3 0 5 0 43 1 0 0 2 3 7 0 0 0
3 3 2 1 5 6 9 6 0 0 0 0 1 0 0 1315 0 1 1 0 25 0 0 0 0 2 0 2 0 140 0 0 0 0 0 0 0 0 0 6 6 2042 2055 2059 2062 1 0 57 0 1 3 1 0 0 6 10 0 0 2 0 0 8 0 0 3 2 8 9 10 360 1 4 1 0 0 4 3 0 0 0 22 0 0 4 56 44 0 2 0 0 0 2 0 8 21 22
12 3 0 0 0 1 0 3 0 0 1 2 3 0 2 0 1318 1319 1324 27 0 0 1 1 1 5 1 3 0 142 1 2 0 0 0 0 0 1 3 0 5 0 4 0 0 2064 2 60 2 0 0 4 3 0 2 0 0 0 0 0 0 0 4 2 1 0 7 0 1 2 379 6 0 1 13 6 1 0 0 4 29 1 0 0 60 1 0 0 0 1 0 1 2 8 0 0
4 3 1 0 0 0 1 0 0 0 1 2 3 8 0 1 2 3 6 1360 2 0 2 2 8 0 0 4 0 144 2 3 1 1 5 3 0 0 0 2 4 1 3 0 2 3 2072 65 0 0 0 15 0 0 0 0 1 2 0 0 0 1 1 1 0 5 2 7 9 12 0 387 0 16 0 0 0 0 0 0 0 34 0 0 64 0 0 0 2 2 0 0 1 2 0 0
3708 0 0 1 1 0 0 0 0 1 0 0 0 0 9 0 0 0 0 0 1370 3 0 3 0 9 2 0 5 151 3 4 2 11 2 1 0 0 0 0 0 0 0 0 0 1 2075 67 0 0 1 0 16 3 0 0 0 6 5 2 0 0 0 0 4 1 0 2 0 1 0 390 410 0 2 0 0 2 2 0 0 0 35 0 0 68 0 0 0 6 4 2 1 0 0 1
5 3717 2 2 1 0 0 2 0 1 3 0 1 1 11 2 0 0 0 0 1371 0 1 5 0 0 13 1 0 152 4 5 21 5 4 3 2 0 0 0 0 0 0 0 0 0 2147 1 0 0 0 0 2 25 0 0 2 10 8 1 0 0 0 0 2 0 0 0 0 0 0 1 2 414 418 420 422 423 430 0 1 0 0 36 37 69 29 28 0 18 5 0 0 0 0 0
1 3 3795 2 0 1 0 1 5 11 12 4 8 2 15 19 4067 0 1 2 1373 0 0 8 1 0 16 0 3 153 5 34 5 4 3 2 1 0 1 1 1 3 0 0 4 9 10 2159 0 2 0 0 0 0 26 0 0 2 24 0 0 4 1 0 0 0 0 0 0 0 1 0 1 2 3 98 99 100 101 537 0 0 3 0 38 101 0 0 23 0 3 0 0 0 1 1
0 0 62 3797 2 1 0 0 0 0 0 14 24 25 26 4045 0 4074 4077 4078 5456 0 3 12 0 0 0 18 4 154 108 66 65 63 49 48 4 3 0 0 13 4 1 1 0 1 1 0 2166 4 0 1 0 0 3 33 0 0 0 27 0 7 1 0 0 0 0 2 4 7 10 11 12 13 92 0 0 1 2 3 586 587 588 5 39 103 0 0 0 0 0 0 0 2 6 9
60 61 2 0 3802 3 1 0 0 0 0 1 2 3 4013 3 0 2 2 4 5 5463 5470 13 0 1 1 19 5 269 4 1 0 0 11 0 41 39 31 16 0 1 0 0 0 0 0 4 2167 0 6 2 0 0 0 4 39 0 30 0 0 9 0 0 0 3 0 0 0 0 0 1 2 66 10 0 1 2 3 43 0 0 590 0 47 104 0 0 0 0 0 0 0 0 1 4
0 1 0 4 0 3809 0 1 1 0 1 2 4002 4007 0 2 1 0 0 0 0 1 0 5486 1 2 2 20 278 1 0 1 0 0 0 8 0 6 0 12 1 0 0 0 0 4 5 11 2168 16 7 1 0 0 1 0 0 74 0 0 11 0 0 1 0 1 7 0 3 5 6 7 61 0 9 0 2 3 36 0 0 0 592 0 1 155 0 3 1 0 0 3 0 0 0 0
5 0 0 0 5 3970 3976 2 2 1 0 1 3998 3 1 1 0 0 1 0 0 0 0 5488 2 3 3 316 15 14 5 3 0 0 6 0 0 5 1 9 1 0 0 0 2 0 1 20 2187 0 4 1 0 0 0 0 0 75 0 13 0 2 2 0 0 0 1 20 23 35 38 40 11 0 7 0 0 6 23 0 1 2 6 600 0 1 158 164 4 0 1 6 1 1 0 0
0 95 97 149 151 0 0 3977 0 5 0 0 3994 0 0 0 0 1 8 11 17 24 25 26 5519 4 325 3 1 1 5 0 2 2 0 0 2 0 0 0 3 2 0 0 0 0 4 5 2210 0 0 0 0 0 2 0 2 76 1 15 0 3 5 0 1 0 11 0 0 10 1 0 0 8 6 1 3 1 21 0 0 0 1 0 629 630 0 166 5 0 0 1 11 14 16 890
87 0 46 1 0 0 1 0 3978 3980 3988 3991 0 0 0 0 1 3 1 0 1 4 2 4 8 5862 0 0 0 0 0 3 0 1 1 0 0 0 0 0 0 0 1 0 0 2 0 2 5 2219 0 0 0 3 7 9 10 91 2 16 1 4 6 0 2 4 1 0 0 8 0 0 7 4 0 0 0 0 18 0 0 0 0 26 0 9 641 813 823 0 0 0 1 2 872 0
0 40 3 0 0 1 2 5 7 0 0 0 0 0 1 0 0 0 0 0 0 2 1 0 2 0 5863 8 7 3 2 1 1 0 0 0 1 0 3 5 9 0 2 1 0 0 0 0 0 0 2221 2223 0 0 1 2 3 4 100 17 2 5 7 2 0 0 0 0 0 7 0 4 0 1 1 0 1 15 1 0 2 3 22 0 8 0 1 1 0 826 0 0 0 864 2 0
39 0 0 0 0 1 2 0 1 11 0 0 0 89 3 2 0 0 0 0 0 0 0 0 0 0 1 5874 0 2 1 0 0 0 0 1 2 5 6 7 8 19 23 54 0 2 0 0 0 0 0 0 2226 2227 2228 2229 2230 2231 8819 8940 3 6 18 6 5 3 0 0 6 0 0 0 0 0 0 0 1 12 0 0 1 17 1 0 1 3 0 0 0 0 849 852 854 7 0 0
11 0 1 0 0 2 3 7 0 1 15 82 87 0 95 99 101 103 107 0 0 0 0 0 0 0 1 5878 0 0 1 0 0 0 0 0 0 9 15 18 21 23 25 1 55 1 6 0 3 5 0 6564 6566 6568 6569 6570 6571 6586 0 0 8945 31 4 0 0 0 0 0 0 0 0 0 0 0 0 2 7 1 0 4 12 1 0 0 0 0 1 1 2 18 0 0 0 5 1 0
10 0 1 5 0 0 1 32 43 61 65 0 0 8 12 28 29 30 31 144 3 0 2 0 0 1 4 5 5887 1 4 1 0 0 2 1 7 1 2 1 1 0 0 0 0 57 58 7 78 79 6563 1 0 0 5 7 12 0 0 0 8978 0 0 1 0 0 0 0 0 2 0 6 2 0 0 1 1 0 2 1 1 0 0 1 0 0 0 0 1 8 5 0 0 0 0 0
0 3 11 17 26 27 29 1 2 13 1 0 7 0 1 14 1 6 9 12 158 0 0 3 2 0 2 3 0 5888 5 1 2 0 0 6 0 0 0 0 0 0 0 0 0 1 2 62 6 6473 3 0 0 1 2 0 2 0 0 1 8982 0 0 0 0 0 1 2 0 0 4 10 2 1 0 0 0 0 0 0 0 0 5 0 0 0 0 0 2 2 2 0 0 0 1 3
2 6 1 2 1 0 0 1 10 1 0 1 6 0 8 4 0 3 1 1 9 169 172 178 187 0 0 0 5 5890 16 9 0 0 0 0 0 0 0 0 0 0 3 1 0 0 1 5 0 6467 0 0 0 0 0 0 0 16 19 28 9013 0 2 0 0 1 5 3 3 0 0 18 1 0 0 0 0 0 1 2 0 0 7 0 1 1 1 0 0 0 1 0 1 3 4 13205
