ASCII/flow_acc.txt
ncols         489
nrows         533
xllcorner     593175.11526712
yllcorner     2721796.0885475
cellsize      29.61580496
NODATA_value  -9999
[rows 387 to 429 of 533, columns 96 to 191 of 489]
0 0 0 0 23 32 2 21 124 2 5 1 6 2 0 1 16 0 1 13 7 1 3 0 0 4 0 1 9 0 918 5 0 13 9 1 1 75 2 2 0 0 4 0 0 4 5 103 2 0 1 0 0 1 3 88 100 2 2 0 4 1 4 0 0 4 0 0 0 0 0 1 1837 4 1 3 71 11 1 3 0 9 0 22 0 4 0 10 0 0 1 0 0 1 9 916
4 0 0 1 0 0 33 0 147 9 0 2 7 0 3 1 0 17 1 0 14 10 5 0 1 0 5 6 7 18 941 0 8 0 24 2 2 79 0 4 0 0 0 0 2 0 0 1 109 0 4 0 0 0 0 2 0 109 0 0 1 7 5 2 0 0 5 2 0 0 1 21 2 1847 0 5 84 0 0 0 0 11 0 1 23 29 0 13 0 0 0 3 5 6 3 1
0 6 0 4 0 2 0 34 149 10 1 11 0 0 1 8 0 20 0 2 1 26 7 0 2 0 1 0 0 1 4 948 951 961 1 25 6 80 6 0 1 1 0 1 0 1 3 4 5 116 0 1 0 0 0 0 1 2 110 0 1 12 6 6 0 0 2 9 14 0 18 1 2 0 1848 0 92 0 0 0 0 13 1 0 2 0 30 0 15 0 0 0 1 2 0 0
0 7 0 0 5 1 3 1 185 11 2 13 0 0 1 0 9 10 21 1 5 0 35 1 3 1 0 2 1 3 0 1 0 1 964 967 33 81 8 0 0 4 1 2 0 0 0 0 1 123 1 3 0 0 1 0 0 0 3 112 0 13 14 0 0 0 1 2 0 16 0 0 0 0 0 1849 94 1 1 1 0 1 14 6 0 0 32 17 1 0 0 1 2 5 0 0
1 0 8 1 7 0 2 7 196 212 14 0 1 1 0 2 1 0 11 22 2 7 0 38 4 2 1 3 0 0 0 0 1 0 0 0 968 116 0 10 1 5 2 3 1 0 1 3 0 2 126 4 1 1 0 2 1 1 5 0 113 15 16 0 0 0 0 1 7 10 0 0 0 1 1 1853 98 0 2 0 3 6 28 36 1 0 2 54 5 1 0 0 1 0 6 8
0 0 11 2 3 8 1 2 3 0 229 3 0 0 3 0 6 0 13 0 26 8 0 40 5 3 2 5 0 0 0 0 0 3 1 1 1 969 117 12 2 6 3 4 2 1 0 0 5 4 132 0 2 2 1 0 5 0 3 6 131 17 0 2 0 1 0 1 1 0 13 16 18 19 22 1877 1977 4 0 0 0 0 2 3 42 45 46 57 121 1 0 0 0 0 2 0
1 0 12 0 0 4 14 15 0 5 0 234 1 1 0 4 0 7 15 0 28 0 10 41 6 4 3 7 1 0 0 1 1 0 4 2 2 972 973 131 3 7 4 5 3 2 0 1 2 14 133 1 3 0 7 1 6 0 1 6 139 0 19 4 2 0 0 0 0 0 0 0 1 0 1 13 16 2000 0 1 0 0 0 2 0 1 2 6 15 140 1 0 1 1 2 174
1 0 13 1 0 2 8 9 26 0 8 0 235 2 3 5 0 9 16 1 0 30 0 53 7 5 4 8 3 0 0 3 0 2 1 5 6 0 0 974 132 12 5 10 0 0 3 5 6 7 23 170 183 186 196 8 0 0 2 3 15 157 20 11 5 0 2 0 0 0 0 0 1 5 9 0 1 0 2001 3 2 0 0 0 0 0 5 13 0 1 143 148 154 155 161 4
2 0 14 2 3 4 0 1 0 28 29 40 277 0 3 10 0 1 27 2 0 32 1 54 8 6 5 0 13 1 1 0 6 0 3 8 7 0 1 1 1108 13 17 0 1 1 0 0 1 5 9 0 6 0 0 207 0 0 0 3 0 159 21 12 1 0 5 0 0 2 2 0 0 1 0 0 0 0 2004 7 0 0 0 0 0 1 3 12 0 1 1 0 0 2 1 3
1 0 0 15 0 1 2 3 6 7 8 9 0 278 1 4 11 3 28 3 1 33 2 55 9 7 6 1 14 2 0 2 0 8 14 9 8 0 1 2 1114 1148 0 1 2 2 1 0 2 2 2 3 0 0 0 0 208 0 0 0 0 3 187 13 2 8 1 0 0 0 4 4 0 1 4 8 9 11 15 2005 9 1 1 1 0 0 8 1 0 0 0 0 1 0 0 1
0 0 1 0 16 0 0 1 2 3 4 5 16 297 298 301 307 324 29 4 0 2 37 56 10 8 7 2 0 18 1 0 3 0 1 27 9 0 3 0 0 1 1151 0 5 6 0 0 1 1 2 4 5 0 0 2 209 1 0 0 0 0 0 202 15 2 1 0 0 1 0 10 0 0 0 2 0 2 0 16 2018 0 0 4 6 7 0 0 0 0 0 0 0 0 0 0
1 0 0 3 0 17 1 0 1 2 0 0 1 11 12 13 14 15 371 5 6 11 38 57 11 0 17 3 0 20 0 2 1 4 5 6 28 11 5 0 0 0 0 1152 14 1 0 0 0 1 0 0 0 6 1 4 210 2 2 0 0 0 0 225 5 2 0 0 2 2 1 11 0 0 0 0 0 1 3 26 2046 2048 2050 2051 2052 2057 2058 2060 2063 0 2 1 0 6 1 0
1 0 0 6 1 18 2 3 0 1 5 7 8 0 1 2 3 4 377 0 0 1 53 112 125 127 146 4 0 1 22 0 5 0 0 1 7 29 19 0 1 1 1 1153 17 0 0 0 0 0 0 1 3 5 7 7 219 223 271 2 0 0 228 0 0 0 0 0 0 3 17 0 1 0 1 0 0 0 0 3 0 0 0 1 3 0 0 1 2 2071 0 5 0 8 0 0
1 0 0 0 29 0 0 0 5 6 7 8 0 0 0 0 1 3 5 378 1 2 0 0 0 0 0 153 155 158 159 184 0 6 1 0 2 41 21 2 0 2 0 1157 19 3 1 0 0 0 1 0 1 2 33 34 35 43 0 279 2 0 230 0 0 0 0 0 16 21 19 0 0 2 3 1 0 0 1 0 2 1 0 2 1 0 0 0 2 12 2086 2094 2096 11 1 0
1 0 0 32 0 0 1 0 0 1 2 0 9 1 1 1 0 0 0 7 379 0 6 1 1 0 2 3 0 0 0 0 186 0 8 11 13 56 0 30 3 0 0 1159 0 26 1 0 0 3 5 9 11 12 2 2 4 1 0 1 281 231 1 1 0 3 8 13 0 0 24 20 23 10 2 1 0 0 0 0 5 2 1 4 0 0 0 0 11 0 4 8 9 2120 0 2
2 1 1 33 1 1 2 0 1 0 0 3 1 10 2 4 0 0 0 1 390 0 0 10 13 0 0 0 5 8 0 190 0 0 0 0 1 2 60 95 1 1 0 0 1161 35 2 0 0 0 0 0 0 1 0 0 0 0 0 1 521 234 2 0 0 0 2 0 0 0 0 26 63 0 0 2 1 1 1 0 0 9 8 0 0 5 9 10 0 3 1 0 0 0 2121 3
3 2 2 34 4 0 0 3 1 2 1 1 6 0 11 8 1 0 2 0 0 391 0 0 0 15 0 1 2 4 15 17 213 0 2 224 225 226 0 96 3 0 0 1 1201 0 3 2 0 0 0 0 0 0 0 0 0 0 0 0 523 7 3 1 0 0 0 0 0 0 1 3 4 69 1 0 4 9 3 0 0 0 20 0 0 2 1 0 1 0 0 1 0 2 2127 0
4 3 38 5 1 0 0 1 4 2 3 2 12 1 0 23 0 0 0 3 5 1 393 1 1 16 1 0 0 0 0 2 0 215 219 3 5 6 241 97 5 0 0 0 1202 0 0 0 0 0 2 4 6 8 1 3 2 1 1 0 0 533 0 1 0 1 0 0 1 0 0 0 1 0 70 2 0 1 16 2 0 22 0 1 0 0 0 0 1 2 0 0 3 4 5 2134
15 4 48 2 0 1 1 0 2 5 9 4 5 19 2 1 26 0 0 1 0 6 403 2 19 0 2 1 0 0 0 0 1 2 2 0 1 3 1 347 0 1 0 1 1203 1 4 1 0 0 0 0 0 0 10 11 19 22 4 0 0 0 534 3 3 1 1 0 0 3 0 0 2 6 71 3 0 0 18 22 142 170 2 0 1 0 0 0 0 0 9 0 23 24 25 26
16 54 0 0 0 3 2 0 1 5 6 17 18 0 20 3 2 28 0 3 0 2 11 422 444 9 7 1 0 1 0 0 0 1 0 0 0 0 0 0 348 1 3 2 1204 7 0 0 0 1 4 6 8 15 16 17 18 42 6 0 0 3 0 551 6 5 0 4 2 4 1 0 0 1 81 86 0 1 2 117 0 0 176 2 0 0 0 2 2 3 0 17 0 0 1 11
802 72 1 1 1 4 3 0 1 0 1 2 3 23 25 21 4 3 127 129 4 0 6 2 0 456 0 1 0 3 0 0 0 1 0 1 0 0 0 1 3 353 360 1208 0 9 1 0 0 2 3 4 5 0 3 4 8 13 65 0 0 0 4 561 8 7 6 0 0 0 8 0 0 0 1 12 100 104 112 1 1 4 182 0 1 1 5 0 0 0 1 2 0 3 8 0
0 803 75 2 2 5 4 0 3 0 1 0 0 1 2 81 82 92 0 0 131 5 0 0 0 0 461 0 1 4 1 0 1 0 3 5 3 1 0 0 0 1 4 361 1220 0 2 1 0 0 0 0 1 0 0 1 0 3 0 67 0 2 567 0 0 2 1 0 0 0 0 10 0 2 8 0 1 1 2 0 0 1 1 186 189 8 0 0 0 0 0 0 0 0 1 0
9 11 892 0 3 9 5 1 4 0 0 2 1 22 24 4 2 0 0 0 1 132 0 0 0 0 0 463 7 0 2 0 1 2 7 0 7 6 3 0 0 1 0 368 1221 5 0 2 1 0 2 4 0 0 0 0 2 1 4 5 77 3 568 9 4 0 0 0 1 1 12 0 0 1 4 0 0 0 0 0 0 0 0 0 0 200 2 0 1 1 0 0 0 0 0 0
1 2 0 893 895 14 8 0 0 5 7 10 19 0 2 0 1 1 2 1 0 162 0 1 1 1 1 1 472 4 0 1 0 3 0 9 10 30 0 0 0 0 1 2 1594 6 0 3 2 1 8 0 0 0 0 0 0 0 0 0 1 86 580 0 1 0 1 1 18 15 0 1 0 0 0 0 0 1 0 0 0 0 1 4 0 1 206 1 4 1 0 1 1 0 0 1
0 0 3 1 0 911 10 1 0 0 0 0 3 0 0 0 0 0 1 5 24 0 163 165 168 2 5 2 191 479 0 2 0 0 0 1 2 0 32 2 0 0 1 2 0 1602 1 4 3 11 0 2 0 2 0 0 0 0 0 1 2 0 671 2 1 0 0 5 20 0 0 6 9 0 0 1 3 0 0 1 1 0 0 5 0 0 1 219 2 0 8 5 0 0 1 1
288 1 3 4 8 923 0 3 0 0 1 2 0 1 2 3 4 5 6 12 2 0 2 3 7 177 178 185 0 193 675 4 1 0 0 1 4 11 36 1 0 0 0 1 5 1610 2 5 16 6 5 0 4 1 0 0 1 2 0 0 1 0 672 1 0 0 0 0 28 0 0 0 0 11 1 8 5 0 3 6 9 11 0 8 1 0 0 222 0 0 9 1 0 0 2 5
0 290 291 296 297 1237 4 0 2 0 0 0 0 0 0 1 2 3 4 0 0 0 1 2 0 4 0 1 0 0 1 686 4 0 0 1 1 1 14 39 2 0 0 0 1 2 1617 6 26 1 0 0 5 3 0 1 0 2 3 1 0 4 722 0 1 0 2 0 29 0 0 0 0 14 12 0 0 0 3 4 7 8 21 24 36 37 39 265 0 1 13 0 0 0 2 3
24 25 26 27 127 133 1373 1 4 1 0 0 1 1 1 0 0 0 0 6 0 0 0 1 2 0 6 0 2 1 4 688 0 0 0 0 0 1 2 15 44 1 0 0 0 0 1625 27 0 0 1 0 0 6 4 1 10 16 4 0 2 40 0 723 2 4 0 31 0 2 0 0 1 28 0 0 0 0 0 1 0 0 1 0 0 0 0 0 267 17 0 1 0 0 0 4
0 1 13 98 3 0 0 1374 1387 4 0 0 1 2 4 1 0 2 4 0 9 11 0 16 17 18 19 27 32 0 59 694 1 0 1 0 0 0 1 7 69 75 2 0 1 4 1632 1664 0 6 2 0 0 1 7 5 0 0 17 27 35 0 1 3 731 39 33 0 1 5 0 1 2 29 2 1 0 0 0 0 0 0 0 1 7 10 0 1 270 24 5 2 0 0 1 0
8 10 1 81 2 0 1 2 1388 0 0 1 0 2 6 14 0 0 1 0 0 1 14 1 2 3 4 5 6 58 0 60 697 3 1 0 0 0 1 0 1 2 79 82 0 0 0 0 1673 0 0 0 1 0 2 8 0 0 2 0 6 0 1 3 736 40 0 19 17 5 3 0 3 34 40 0 1 0 2 2 0 0 2 3 0 0 11 0 299 2 1 0 0 0 0 0
0 0 80 1 1 2 5 6 3 1391 0 2 1 0 2 7 23 25 28 0 0 1 0 0 1 2 3 7 16 0 0 1 759 4 3 0 0 1 2 6 10 11 12 13 113 0 0 0 1675 1 0 1 0 3 0 3 10 0 0 2 1 0 0 0 745 41 22 0 1 0 0 0 0 0 1 47 0 0 4 5 0 0 0 0 0 1 318 304 1 0 0 0 1 1 2 0
78 79 0 0 0 1 2 5 14 1412 0 6 0 0 2 0 1 3 5 29 31 34 0 0 0 1 2 6 0 0 1 3 760 9 1 0 0 1 2 0 2 4 8 13 0 116 118 0 0 1678 1 2 1 4 1 4 0 12 0 0 0 0 1 5 0 814 0 0 0 0 0 2 0 0 0 0 48 0 6 8 1 0 0 1 1 322 1 0 0 0 0 2 2 2 7 0
0 0 0 0 0 1 1 0 2 6 1429 0 0 0 0 0 0 0 0 7 0 1 35 1 3 4 5 0 9 10 18 27 789 10 2 0 2 0 0 0 1 1 2 1 1 1 0 120 1 1 1686 0 2 7 0 0 5 1 15 0 0 0 1 0 0 0 817 1 0 1 7 5 1 0 56 53 51 0 0 21 4 0 0 1 4 328 2 0 0 0 2 7 0 0 1 9
6 1 1 0 1 0 0 1 2 0 0 1434 0 0 0 0 1 2 3 4 13 0 38 0 1 2 5 7 2 5 0 1 0 790 11 4 5 1 1 0 0 0 0 0 0 0 0 1 130 131 0 1692 0 8 1 1 0 25 0 0 1 0 0 0 0 0 923 104 103 101 90 89 88 87 28 27 26 25 23 0 1 0 0 4 5 330 0 0 0 3 7 10 1 0 0 19
18 26 4 1 2 0 0 1 0 7 9 1447 1 0 1 0 0 0 0 1 2 18 0 39 0 1 0 1 1 1 5 8 16 21 827 833 834 850 853 0 0 0 0 0 0 0 0 1 4 0 134 0 1694 9 5 0 0 26 0 2 2 1 1 0 1 976 49 45 44 9 8 7 6 5 4 3 2 1 0 0 0 0 3 9 349 1 0 0 0 0 25 5 0 0 3 1
0 1 29 43 5 0 0 2 5 0 1 1450 0 1 2 1 0 1 4 0 1 2 22 41 0 0 0 0 0 2 1 3 2 2 1 7 8 0 0 854 1 2 1 1 1 0 1 0 0 0 0 136 1833 1845 0 6 8 36 38 42 46 0 5 3 978 0 0 1 0 32 10 9 8 7 6 5 4 3 2 0 0 0 0 3 5 359 2 0 1 28 0 1 1 0 0 0
2 3 4 49 0 0 0 0 0 0 0 1 1451 3 8 2 0 0 0 6 0 1 2 69 0 2 0 0 1 0 2 1 1 0 5 0 0 0 1 1 855 5 4 0 2 1 2 0 0 0 0 1 6 8 1855 1856 1857 1862 1863 1864 1888 1936 1944 2928 0 0 0 0 0 3 16 6 5 4 3 2 0 0 0 0 0 1 0 0 0 0 360 2 29 0 0 0 0 0 0 0
9 0 1 2 57 1 0 1 2 4 5 6 1461 1477 1 0 0 0 1 0 7 0 0 0 71 5 0 0 0 1 0 0 2 4 0 1 3 0 1 2 5 868 874 876 880 5 0 1 2 0 0 0 2 0 0 1 3 0 0 21 0 0 0 0 2930 3 0 0 0 0 1 6 4 2 0 0 0 0 2 1 0 4 0 0 0 0 366 0 0 34 1 0 0 0 3 1
0 11 0 0 59 0 0 0 0 0 1 2 3 1478 0 0 1 0 1 4 14 15 1 0 0 78 1 1 0 0 0 1 0 0 11 12 13 19 35 39 64 67 80 86 88 970 979 2 4 0 1 0 0 0 1 2 13 16 19 0 0 0 0 2 2931 4 2 0 0 0 0 0 0 0 0 0 0 1 4 2 0 0 6 0 1 369 0 0 36 0 0 0 0 1 0 4
0 1 13 0 64 2 0 0 0 1 2 3 4 1488 2 2 0 0 0 1 2 0 17 21 22 24 106 2 0 1 3 5 6 9 0 1 8 14 0 21 1 1 11 4 0 0 0 981 8 4 0 0 1 2 5 9 0 1 0 1 2 1 18 19 2955 5 4 0 0 2 0 0 0 0 0 3 1 6 15 0 1 10 0 0 6 382 387 427 1 0 1 0 2 2 6 0
1 4 14 1 65 1 0 1 0 0 1 2 5 0 1492 4 0 1 0 0 0 3 0 0 0 0 107 0 5 0 0 0 1 2 4 5 2 4 20 0 0 0 9 2 0 0 2 3 1032 1 0 0 0 0 0 0 0 0 0 0 0 11 13 0 1 2964 6 0 4 1 1 0 0 2 1 6 0 0 0 17 0 0 11 1 0 3 2 0 430 434 2 1 6 0 7 2
5 6 27 2 68 0 0 0 2 1 0 1 4 11 1511 0 0 3 1 0 1 1 5 0 1 4 108 7 0 0 0 0 1 0 0 1 0 0 18 0 2 5 2 0 0 0 27 28 29 1041 0 2 0 0 0 0 0 0 0 1 6 0 0 1 2 3 2977 0 5 4 0 1 0 0 4 7 0 0 0 2 22 1 13 0 0 1 1 0 0 0 439 442 450 461 0 3
0 1 2 28 72 2 1 0 0 3 2 3 0 1 2 1513 1 0 6 0 1 2 8 1 0 0 5 117 2 1 0 0 0 0 2 4 6 13 17 0 0 0 0 0 24 26 1 3 6 0 1044 1049 1 1 1 4 1 0 0 0 0 0 0 8 10 11 12 2991 2992 3006 0 2 1 0 0 13 1 1 0 0 26 17 0 0 0 0 0 0 1 3 7 8 9 10 473 4
