ASCII/flow_acc.txt
ncols         489
nrows         533
xllcorner     593175.11526712
yllcorner     2721796.0885475
cellsize      29.61580496
NODATA_value  -9999
[rows 129 to 171 of 533, columns 96 to 191 of 489]
33 1 14 0 1 6 1 0 0 17 91 50 48 7 0 0 0 0 18 0 1 0 2 0 1 3 5 9 2 2 2 0 0 0 4 1 0 1 6 0 1 2 3 6 7 8 11 18 19 76 5 3 0 1 2 6 13 15 2 5 610 0 0 0 0 0 22 24 11 0 2 4 1 1 1 8 0 1 4 0 21 0 0 3513 3 2 1 0 0 0 0 1 4 5 6 19
5 7 0 13 0 1 3 0 0 14 21 0 39 1 3 2 0 2 17 0 0 0 0 0 0 0 8 1 1 1 0 1 2 3 0 0 1 2 0 0 1 2 3 4 5 40 41 54 55 4 1 0 0 0 5 0 0 1 18 583 602 14 0 0 0 21 0 7 2 1 3 0 0 0 0 4 0 5 6 17 0 0 1 3511 27 18 2 1 0 0 0 1 3 8 11 0
2 1 6 0 11 0 1 0 1 11 7 12 33 4 0 1 0 7 3 0 0 2 4 5 6 7 0 0 0 0 16 17 20 22 23 24 25 26 27 28 29 30 31 32 33 0 1 2 3 0 0 1 2 3 0 0 1 0 559 3 2 11 0 0 11 7 5 0 1 0 2 0 1 2 3 0 1 1 2 1 0 0 1 3480 0 7 14 3 1 0 0 2 3 1 2 15
1 1 0 5 0 9 0 0 9 0 6 11 31 0 3 0 3 2 1 0 0 0 0 0 0 1 8 10 12 14 0 1 0 0 1 2 0 0 1 11 12 13 14 15 16 17 25 26 27 0 1 2 0 0 1 3 5 557 2 0 0 10 6 8 3 2 3 0 0 0 0 0 0 0 0 0 0 0 1 0 0 4 3474 1 0 5 0 9 6 0 0 2 0 1 6 4
9 0 0 0 3 7 0 7 0 0 4 10 6 23 0 1 2 1 0 0 0 0 0 2 4 5 0 0 0 0 1 4 6 7 0 1 5 7 8 0 1 2 3 4 5 6 0 1 2 31 44 46 50 52 53 490 541 6 1 0 9 3 1 0 2 1 1 0 0 1 0 0 2 4 7 1 0 0 0 0 1 3 1 3462 5 0 4 1 1 3 0 1 0 5 2 0
0 8 7 6 0 1 6 1 4 3 6 2 5 20 1 0 1 0 1 2 4 1 3 4 0 0 0 0 0 0 1 0 0 1 10 0 1 2 0 0 0 1 2 3 4 5 6 7 10 11 0 0 5 6 435 49 2 2 0 3 3 2 0 0 0 0 0 0 0 0 3 1 2 0 1 8 3 1 0 1 2 0 0 3452 1 3 1 1 0 0 1 0 0 3 1 0
24 9 6 0 5 0 5 0 3 2 5 1 4 5 13 0 0 0 1 4 8 20 29 30 36 44 47 0 1 1 0 0 0 0 1 13 0 1 3 1 3 0 0 1 2 3 0 1 0 1 2 3 424 427 46 1 1 1 0 1 2 1 0 1 0 0 0 2 1 0 0 5 6 10 11 2 9 6 1 0 0 0 3449 0 0 0 0 0 0 2 1 0 2 0 0 7
7 5 1 4 0 3 3 0 2 1 4 0 3 4 9 2 0 0 1 2 5 3 3 0 5 0 1 48 52 0 2 4 6 8 9 127 142 0 3 8 9 15 0 0 1 2 7 8 9 302 304 423 0 0 45 0 0 0 0 1 0 0 1 0 11 0 21 22 702 703 705 706 707 708 766 895 910 920 0 2 1 1004 2394 48 2 1 0 6 5 1 0 0 1 0 5 0
3 6 4 0 3 2 1 0 1 0 3 2 0 2 4 3 0 0 1 4 2 2 2 3 0 8 10 24 33 90 98 105 110 111 116 2 5 168 171 172 176 240 257 259 263 287 289 290 291 0 31 85 0 31 44 7 3 1 0 0 1 2 3 6 0 13 4 672 0 1 47 50 53 56 112 2 0 1 921 923 943 57 2393 44 27 26 25 17 13 3 2 1 0 2 0 3
4 2 5 3 1 2 1 0 0 2 0 0 1 2 0 1 0 0 3 1 1 1 2 5 6 0 10 7 2 5 5 3 1 3 1 1 18 1 1 2 48 13 0 2 22 0 1 3 25 30 81 2 1 27 3 2 0 0 0 0 0 0 0 1 2 3 670 0 0 44 1 1 1 1 109 1 0 0 4 5 13 56 2392 15 6 5 4 2 2 8 5 2 0 1 0 1
3 3 1 4 0 0 1 0 0 0 0 0 0 0 0 0 1 2 0 0 0 1 1 0 5 9 6 1 4 4 2 0 0 0 0 17 0 0 31 47 11 0 0 7 13 0 0 20 2 0 80 1 0 26 1 0 1 0 1 1 3 1 1 2 665 669 1 2 43 0 0 0 0 0 107 0 1 2 0 1 4 55 2391 7 2 1 0 0 1 1 1 1 1 0 0 1
3 2 2 0 3 0 0 0 0 0 0 1 0 0 0 0 0 0 0 0 0 0 1 3 2 5 0 3 3 1 1 3 14 15 16 0 25 30 14 4 5 5 6 6 5 9 19 1 2 40 38 0 0 21 2 0 0 0 1 4 5 27 631 661 0 1 0 39 5 7 9 11 13 105 0 0 0 1 2 3 54 1 2390 3 1 0 0 1 0 0 0 0 0 0 0 1
2 2 1 1 0 0 0 0 2 0 1 3 3 1 1 0 1 1 3 0 0 0 0 1 1 2 2 2 0 0 0 9 0 3 19 23 3 13 3 4 4 4 5 4 8 8 0 1 28 7 36 0 10 9 0 0 1 3 4 5 16 577 22 26 1 0 38 4 0 0 0 0 67 22 0 2 4 5 19 53 0 0 0 2385 0 1 5 2 1 0 1 0 0 0 0 0
1 1 1 0 0 1 2 4 6 10 12 25 30 43 48 50 51 57 4 2 0 0 0 0 1 1 1 0 4 7 8 0 1 14 2 2 12 2 3 3 3 2 3 6 0 7 0 27 6 31 1 1 9 6 1 0 0 0 1 9 576 9 11 25 0 37 1 1 0 1 41 66 19 1 0 0 0 12 0 32 1 2 5 2384 0 15 6 5 4 3 0 1 1 0 0 0
1 0 0 0 0 0 1 3 5 8 11 3 7 0 50 0 0 0 59 158 4 2 0 0 0 0 0 2 1 1 3 4 13 1 1 11 1 2 2 2 1 0 1 3 6 19 26 5 21 8 0 0 8 5 0 0 0 1 6 575 8 10 3 20 0 35 0 0 7 38 22 0 18 0 0 8 10 2 19 10 0 1 10 23 2352 1 0 0 0 0 0 10 7 3 1 0
-9999 -9999 -9999 0 0 0 0 0 1 1 2 2 0 48 0 68 0 0 89 0 167 1 0 0 0 0 0 0 0 0 0 7 0 0 10 0 1 1 1 0 0 1 2 5 18 5 4 20 6 0 3 7 3 0 0 0 2 3 574 7 9 1 0 19 29 3 0 6 14 14 21 15 1 0 6 0 1 15 5 3 0 9 0 10 5 2327 3 1 1 1 11 0 0 0 0 0
-9999 -9999 -9999 -9999 0 1 1 0 0 1 1 2 45 0 14 1 78 87 0 1 168 0 0 0 1 1 1 2 3 4 5 0 1 2 6 0 0 0 0 1 2 3 4 17 4 2 0 19 5 2 2 2 0 1 0 1 2 573 6 6 1 0 18 27 0 2 5 13 13 3 16 14 0 1 2 0 14 4 0 1 8 1 9 0 4 3 2318 6 3 0 15 2 1 1 1 1
-9999 -9999 -9999 -9999 0 4 2 0 0 0 1 41 4 13 0 4 0 7 0 5 178 0 0 1 5 0 2 0 0 1 2 3 4 5 0 1 0 1 0 1 12 14 16 2 0 1 18 4 1 1 1 0 1 23 26 28 569 5 4 0 0 16 0 26 1 4 12 12 2 12 2 13 0 1 1 12 0 3 0 7 0 3 2 0 1 2 0 2309 80 78 57 11 10 5 2 7
-9999 -9999 -9999 -9999 0 8 14 17 18 0 40 3 5 1 2 0 2 3 3 3 4 185 259 262 0 6 1 5 1 0 0 0 0 0 0 0 2 0 3 9 0 0 0 0 0 17 3 0 0 0 0 1 20 496 507 531 7 4 3 0 2 15 25 0 3 11 11 1 3 7 1 12 0 0 4 4 1 0 3 2 2 0 0 0 0 0 2223 0 2 0 3 44 31 13 12 3
-9999 -9999 -9999 -9999 -9999 1 1 0 0 39 2 0 3 0 1 1 2 2 2 2 3 71 1 0 265 0 8 9 16 19 1 1 3 1 1 1 1 3 4 0 1 9 11 12 16 2 2 4 5 6 7 17 495 8 0 22 6 3 2 0 4 11 24 2 10 10 0 2 1 4 0 11 0 3 2 0 0 2 1 1 0 1 2 3 4 2217 0 3 1 1 0 1 11 16 4 3
-9999 -9999 -9999 -9999 -9999 -9999 0 1 5 11 0 1 2 0 0 1 1 1 1 1 6 59 0 0 290 291 297 298 308 311 332 345 354 361 365 370 0 3 4 5 6 0 0 2 1 1 0 0 1 6 8 494 6 0 6 14 5 2 1 3 0 4 23 1 9 9 1 0 1 1 5 4 1 0 0 0 1 0 0 16 17 18 19 20 51 0 2158 0 0 0 0 0 6 3 10 7
-9999 -9999 -9999 -9999 -9999 -9999 -9999 0 2 1 8 0 0 0 0 0 0 0 0 1 1 58 0 6 15 4 0 8 1 7 9 7 1 0 4 6 390 391 0 0 0 0 0 0 0 0 1 2 3 0 2 490 5 5 9 3 4 1 0 2 0 2 22 0 8 8 0 0 0 4 3 0 0 1 0 0 0 0 15 0 1 2 3 29 4 2137 0 17 16 12 10 5 0 4 2 1
-9999 -9999 -9999 -9999 -9999 -9999 -9999 0 0 0 0 6 0 0 1 2 3 4 0 0 57 0 4 13 0 3 6 0 6 0 6 0 2 3 0 9 1 5 398 400 403 0 1 0 0 0 425 0 0 1 0 488 4 4 8 2 3 0 1 0 1 0 20 7 0 4 1 0 3 2 1 2 3 4 7 9 11 13 0 20 22 23 24 3 1 2113 17 3 1 2 0 3 4 1 1 1
-9999 -9999 -9999 -9999 -9999 -9999 -9999 0 2 4 5 0 0 2 0 1 8 10 53 56 0 2 11 0 2 1 3 1 3 4 0 1 0 3 8 0 4 1 5 7 9 414 416 419 421 423 36 464 466 467 487 3 2 0 7 1 2 0 3 6 16 19 3 2 1 1 0 1 1 0 0 1 2 3 4 5 13 16 18 0 0 1 2 0 0 2109 11 0 0 0 1 2 1 1 0 0
-9999 -9999 -9999 -9999 -9999 -9999 -9999 0 0 0 0 1 9 0 4 5 0 15 20 1 0 2 7 1 0 2 0 2 0 2 0 0 1 1 1 3 0 2 0 0 6 13 17 24 28 35 0 1 4 14 3 2 1 2 3 0 1 2 1 1 6 1 2 1 0 0 0 0 0 0 0 0 1 3 5 6 0 0 0 0 1 2 3 0 9 2108 10 3 2 1 0 0 1 0 0 0
-9999 -9999 -9999 -9999 -9999 -9999 -9999 0 0 2 4 5 0 11 12 13 14 19 0 0 1 4 1 0 1 0 1 0 1 0 0 0 0 0 0 1 1 0 3 5 5 2 2 2 2 5 0 1 3 4 2 1 0 1 2 0 1 0 0 2 2 0 1 0 0 1 0 0 0 1 1 1 0 0 0 1 2 3 0 0 0 1 2 7 0 2095 0 5 4 3 2 1 0 0 0 1
-9999 -9999 -9999 -9999 -9999 -9999 -9999 0 0 0 0 1 2 3 4 5 17 0 1 0 1 1 0 0 0 0 0 0 0 0 1 1 1 0 0 0 0 1 0 4 1 1 1 1 2 1 0 2 0 2 1 0 0 0 0 0 0 0 1 0 0 0 0 0 0 0 2 1 1 1 2 7 0 0 0 0 1 0 4 1 1 2 3 1710 1738 324 30 5 4 3 2 1 0 0 0 7
-9999 -9999 -9999 -9999 -9999 -9999 -9999 0 0 2 4 5 6 7 8 9 0 0 0 3 0 0 0 0 0 2 1 1 1 1 1 2 5 9 0 0 1 2 3 0 0 0 0 0 0 0 0 0 0 0 0 1 0 0 0 0 0 1 0 0 0 0 0 1 1 1 1 3 2 4 0 0 8 1 1 3 0 3 1668 1682 1700 1701 1705 23 2 1 321 23 22 1 0 0 2 0 0 1
-9999 -9999 -9999 -9999 -9999 -9999 -9999 -9999 0 0 0 1 0 0 0 1 0 0 0 0 5 0 0 2 4 6 3 2 2 5 8 31 33 44 0 1 0 0 0 1 0 0 0 1 0 1 0 0 0 0 0 0 3 1 2 1 0 1 3 1 1 0 1 1 2 2 2 6 3 5 0 1 1 9 12 13 1660 1662 7 14 0 2 0 21 1 0 0 319 0 19 9 7 3 2 1 0
-9999 -9999 -9999 -9999 -9999 -9999 -9999 -9999 0 0 0 0 2 19 23 28 31 34 37 46 0 1 0 0 0 0 8 13 17 18 19 0 0 0 45 1 3 0 1 0 2 1 1 0 3 0 2 5 6 8 1 0 1 6 9 13 3 2 4 2 2 1 0 5 0 3 10 0 8 4 6 8 11 1633 1637 1641 0 6 9 3 0 1 2 17 0 0 260 56 1 0 8 7 2 1 0 0
-9999 -9999 -9999 -9999 -9999 -9999 -9999 0 1 0 2 8 14 1 2 0 0 0 6 9 47 3 0 1 1 0 1 0 0 0 1 2 3 5 53 56 57 63 0 2 4 2 0 2 3 4 1 0 0 0 10 13 16 18 19 20 35 43 5 0 6 2 0 0 1500 1501 1502 1514 1515 1586 1608 1611 1618 2 1 0 5 8 0 1 0 0 15 0 0 56 201 53 35 2 1 0 3 2 1 0
-9999 -9999 -9999 -9999 -9999 -9999 0 0 0 2 7 2 0 0 1 1 3 5 1 0 10 48 5 0 2 8 9 12 2 0 0 0 0 0 0 0 0 1 66 68 72 81 1 0 0 10 15 1 0 1 0 1 0 0 1 0 1 0 45 52 54 62 1468 1492 0 3 5 54 60 15 1 2 2 1 0 4 0 6 0 0 1 13 1 2 54 200 8 6 0 31 3 2 1 0 0 0
-9999 -9999 -9999 -9999 -9999 1 1 0 1 0 0 0 0 0 0 0 0 0 0 0 2 14 55 0 2 0 0 1 15 3 1 1 2 0 1 1 3 0 0 0 0 0 83 87 0 1 0 19 0 1 2 0 0 0 0 3 0 1379 1381 1384 1387 1401 12 7 1 0 2 44 4 14 0 1 1 0 1 1 4 0 2 3 10 0 0 50 196 2 6 0 5 5 20 14 10 2 0 1
-9999 -9999 -9999 -9999 0 7 6 3 1 1 0 0 0 0 0 0 0 0 0 1 2 3 15 56 0 0 2 0 0 16 4 4 3 0 2 2 0 4 1 4 0 1 0 88 0 1 0 1 23 26 27 31 33 1 1 2 1375 0 1 1 12 11 4 1 0 1 1 41 3 12 0 0 0 0 0 0 2 1 1 5 0 1 48 1 193 1 4 0 0 3 4 4 2 6 4 0
-9999 -9999 -9999 0 1 15 6 3 0 3 0 1 1 1 0 2 4 1 1 1 2 3 20 0 57 59 0 3 1 1 19 32 37 0 1 3 3 1 5 0 5 1 3 0 89 0 2 0 0 0 0 0 0 35 38 1352 17 0 0 11 10 1 1 0 0 0 40 2 6 1 2 0 0 0 0 1 0 0 2 0 1 45 0 53 10 127 0 3 0 2 2 0 3 1 0 0
-9999 -9999 0 3 20 3 0 1 0 4 4 2 4 0 0 0 0 5 2 2 0 0 4 21 1 0 61 63 70 0 1 0 0 38 0 2 4 4 2 10 28 6 138 91 0 0 1 4 1 0 1 2 0 0 1293 1309 16 0 10 0 8 0 0 1 5 39 1 1 3 0 1 0 2 5 0 0 0 1 36 39 42 43 52 1 7 109 16 0 0 0 0 1 1 0 0 0
-9999 0 0 26 0 0 0 0 0 10 0 8 7 0 0 1 3 1 6 3 3 1 1 5 22 2 0 1 147 148 149 0 1 1 39 1 3 9 15 16 0 32 0 139 0 1 1 7 2 1 0 1274 1290 1291 5 8 11 2 2 6 7 2 0 1 0 32 0 0 2 0 3 5 7 9 18 20 34 35 1 1 42 0 6 0 6 108 0 14 0 0 0 0 0 0 0 0
-9999 1 28 0 0 0 0 0 27 12 10 0 0 0 1 1 0 4 7 19 24 0 5 34 41 65 69 70 73 0 1 150 1 2 5 46 2 0 1 2 0 0 0 1 140 142 145 148 157 1266 1267 6 6 1 2 7 10 1 1 5 3 1 0 2 3 31 4 1 1 2 0 0 0 0 0 10 0 0 0 39 1 2 2 0 4 0 106 0 11 1 2 0 0 0 0 2
1 2 0 31 1 0 1 29 0 0 0 0 0 0 1 2 5 7 8 9 0 26 27 0 1 0 0 0 0 0 0 2 151 2 3 4 52 56 0 0 3 0 0 2 5 1065 1077 1082 1092 1102 1 3 5 0 1 6 9 0 0 4 2 0 1 0 11 9 1 0 0 1 1 3 5 7 9 0 1 2 38 0 1 1 1 3 1 3 23 81 0 6 2 1 0 1 0 0
2 3 1 32 2 1 32 1 0 0 0 2 1 0 1 2 0 1 2 0 10 0 0 0 0 2 1 3 0 0 1 1 157 0 0 0 0 1 57 59 1 6 1035 1046 1058 10 3 5 2 8 0 2 2 1 0 5 7 0 1 1 1 0 1 3 5 7 0 0 0 0 0 0 0 0 7 8 11 12 34 0 0 0 0 0 0 0 17 2 77 75 1 0 1 3 0 0
0 3 6 33 3 35 2 0 1 1 1 3 2 0 1 5 0 0 0 3 5 11 1 1 1 1 3 0 4 1 1 2 0 160 161 1 925 926 931 946 1019 1026 9 10 2 6 2 4 1 4 2 1 1 0 2 1 3 2 0 0 0 0 0 2 1 5 0 0 1 2 3 4 5 6 0 1 0 8 17 2 0 7 8 10 13 16 0 0 0 0 71 2 4 1 1 0
-9999 8 9 51 56 36 4 0 2 2 2 4 0 4 2 0 6 1 4 5 6 13 12 2 2 2 2 7 9 15 20 24 37 40 43 920 0 1 13 11 5 4 3 9 1 5 1 3 0 3 1 0 0 0 0 0 0 1 1 0 0 0 1 0 2 1 0 0 0 0 0 0 0 0 0 1 6 4 2 1 4 0 0 1 1 1 6 7 10 15 17 49 8 5 2 1
-9999 -9999 -9999 0 1 96 5 1 6 0 3 5 1 0 8 1 0 7 8 0 0 1 14 13 3 3 3 4 0 1 0 8 1 1 674 38 0 12 2 7 4 3 2 8 0 4 0 2 2 0 0 0 0 0 0 0 0 0 0 0 2 4 0 1 0 0 0 1 2 1 0 1 1 1 1 3 1 1 1 0 2 0 0 0 0 1 1 1 1 1 0 34 2 1 0 0
