ASCII/pow_all_2.txt
ncols         489
nrows         533
xllcorner     593175.11526712
yllcorner     2721796.0885475
cellsize      29.615804956512
NODATA_value  -9999
[rows 475 to 499 of 533, columns 399 to 455 of 489]
1.000000 1.000000 1.000000 1.000000 1.000000 1.000000 1.000000 1.000000 1.050349 1.052933 1.051183 1.049972 1.102454 1.044397 1.044219 1.106286 1.046727 1.000000 1.091805 1.049560 1.107399 -9999.000000 -9999.000000 -9999.000000 -9999.000000 -9999.000000 -9999.000000 -9999.000000 -9999.000000 -9999.000000 -9999.000000 -9999.000000 -9999.000000 -9999.000000 -9999.000000 -9999.000000 -9999.000000 -9999.000000 -9999.000000 -9999.000000 -9999.000000 -9999.000000 -9999.000000 -9999.000000 -9999.000000 -9999.000000 -9999.000000 -9999.000000 -9999.000000 -9999.000000 -9999.000000 -9999.000000 -9999.000000 -9999.000000 -9999.000000 -9999.000000 -9999.000000
1.000000 1.000000 1.000000 1.000000 1.000000 1.000000 1.000000 1.000000 1.000000 1.050766 1.046802 1.063884 1.050450 1.104649 1.106428 1.000000 1.000000 1.000000 1.045736 1.075287 1.000000 1.059458 1.047570 -9999.000000 -9999.000000 -9999.000000 -9999.000000 -9999.000000 -9999.000000 -9999.000000 -9999.000000 -9999.000000 -9999.000000 -9999.000000 -9999.000000 -9999.000000 -9999.000000 -9999.000000 -9999.000000 -9999.000000 -9999.000000 -9999.000000 -9999.000000 -9999.000000 -9999.000000 -9999.000000 -9999.000000 -9999.000000 -9999.000000 -9999.000000 -9999.000000 -9999.000000 -9999.000000 -9999.000000 -9999.000000 -9999.000000 -9999.000000
1.000000 1.000000 1.000000 1.000000 1.000000 1.000000 1.000000 1.052049 1.068970 1.053871 1.097839 1.000000 1.859656 1.448034 1.309841 1.046485 1.000000 1.000000 1.113136 1.012027 1.000000 1.000000 1.057826 -9999.000000 -9999.000000 -9999.000000 -9999.000000 -9999.000000 -9999.000000 -9999.000000 -9999.000000 -9999.000000 -9999.000000 -9999.000000 -9999.000000 -9999.000000 -9999.000000 -9999.000000 -9999.000000 -9999.000000 -9999.000000 -9999.000000 -9999.000000 -9999.000000 -9999.000000 -9999.000000 -9999.000000 -9999.000000 -9999.000000 -9999.000000 -9999.000000 -9999.000000 -9999.000000 -9999.000000 -9999.000000 -9999.000000 -9999.000000
1.000000 1.000000 1.000000 1.000000 1.000000 1.000000 1.000000 1.052220 1.000000 1.050598 1.050047 3.174995 1.000000 1.051901 1.100357 1.236463 1.000000 1.119854 1.058930 1.000000 1.000000 1.000000 1.000000 1.057860 1.047299 -9999.000000 -9999.000000 -9999.000000 -9999.000000 -9999.000000 -9999.000000 -9999.000000 -9999.000000 -9999.000000 -9999.000000 -9999.000000 -9999.000000 -9999.000000 -9999.000000 -9999.000000 -9999.000000 -9999.000000 -9999.000000 -9999.000000 -9999.000000 -9999.000000 -9999.000000 -9999.000000 -9999.000000 -9999.000000 -9999.000000 1.000000 -9999.000000 -9999.000000 -9999.000000 -9999.000000 -9999.000000
1.000000 1.000000 1.000000 1.000000 1.000000 1.000000 1.000000 1.052123 1.640767 2.417656 3.240657 1.590462 1.000000 1.048682 1.000000 1.000000 1.147764 1.104445 1.000000 1.000000 1.000000 1.000000 1.102387 1.000000 1.000000 -9999.000000 -9999.000000 -9999.000000 -9999.000000 -9999.000000 -9999.000000 -9999.000000 -9999.000000 -9999.000000 -9999.000000 1.000000 -9999.000000 -9999.000000 -9999.000000 -9999.000000 -9999.000000 -9999.000000 -9999.000000 -9999.000000 -9999.000000 -9999.000000 -9999.000000 -9999.000000 -9999.000000 -9999.000000 -9999.000000 -9999.000000 -9999.000000 -9999.000000 -9999.000000 -9999.000000 -9999.000000
1.000000 1.000000 1.000000 1.000000 1.000000 1.014181 1.000000 1.052204 1.000000 1.000000 1.952298 1.595813 1.012162 1.000000 1.000000 1.062295 1.000000 1.000000 1.059183 1.047658 1.090372 1.044602 1.000000 1.056749 1.093202 1.000000 1.044434 -9999.000000 -9999.000000 -9999.000000 -9999.000000 -9999.000000 -9999.000000 -9999.000000 -9999.000000 -9999.000000 1.000000 -9999.000000 1.000000 -9999.000000 -9999.000000 -9999.000000 -9999.000000 -9999.000000 -9999.000000 -9999.000000 -9999.000000 -9999.000000 -9999.000000 -9999.000000 -9999.000000 -9999.000000 -9999.000000 -9999.000000 -9999.000000 -9999.000000 -9999.000000
1.000000 1.000000 1.000000 1.000000 1.000000 1.000000 1.053242 1.055378 1.054060 1.000000 1.067108 1.051576 1.000000 1.000000 1.000000 1.000000 1.048869 1.000000 1.000000 1.000000 1.000000 1.000000 1.000000 1.000000 1.000000 1.000000 1.044500 -9999.000000 -9999.000000 -9999.000000 -9999.000000 -9999.000000 -9999.000000 -9999.000000 -9999.000000 -9999.000000 -9999.000000 1.000000 1.000000 -9999.000000 -9999.000000 -9999.000000 -9999.000000 -9999.000000 -9999.000000 -9999.000000 -9999.000000 -9999.000000 -9999.000000 -9999.000000 -9999.000000 -9999.000000 -9999.000000 -9999.000000 -9999.000000 -9999.000000 -9999.000000
1.015020 1.014515 1.013855 1.000000 1.000000 1.000000 1.000000 1.000000 1.051465 1.167526 1.117121 1.051215 1.000000 1.000000 1.000000 1.000000 1.048572 1.118823 1.045667 1.000000 1.000000 1.044539 1.000000 1.000000 1.000000 1.044868 1.046038 1.044636 1.425591 -9999.000000 -9999.000000 -9999.000000 -9999.000000 -9999.000000 -9999.000000 -9999.000000 -9999.000000 -9999.000000 1.000000 -9999.000000 -9999.000000 -9999.000000 -9999.000000 -9999.000000 -9999.000000 -9999.000000 -9999.000000 -9999.000000 -9999.000000 -9999.000000 -9999.000000 -9999.000000 -9999.000000 -9999.000000 -9999.000000 -9999.000000 -9999.000000
1.015136 1.000000 1.053501 1.052285 1.000000 1.014497 1.067421 1.000000 1.000000 1.061106 1.046739 1.102165 1.000000 1.048180 1.048800 1.000000 1.111866 1.108805 1.045830 1.000000 1.000000 1.045699 1.000000 1.100355 1.000000 1.043583 1.045402 1.696931 1.253267 1.913441 -9999.000000 -9999.000000 -9999.000000 -9999.000000 -9999.000000 -9999.000000 -9999.000000 -9999.000000 -9999.000000 -9999.000000 -9999.000000 -9999.000000 -9999.000000 -9999.000000 -9999.000000 -9999.000000 -9999.000000 -9999.000000 -9999.000000 -9999.000000 -9999.000000 -9999.000000 -9999.000000 -9999.000000 -9999.000000 -9999.000000 -9999.000000
1.069499 1.069624 1.000000 1.000000 1.069055 1.000000 1.071078 1.106372 1.163999 1.050766 1.000000 1.056412 1.000000 1.125045 1.000000 1.119534 1.000000 1.046272 1.092399 1.000000 1.000000 1.058126 1.000000 1.000000 1.012547 1.000000 2.655486 1.000000 1.463486 1.826881 -9999.000000 -9999.000000 -9999.000000 -9999.000000 -9999.000000 -9999.000000 -9999.000000 -9999.000000 -9999.000000 -9999.000000 -9999.000000 -9999.000000 -9999.000000 -9999.000000 -9999.000000 -9999.000000 -9999.000000 -9999.000000 -9999.000000 -9999.000000 -9999.000000 -9999.000000 -9999.000000 -9999.000000 -9999.000000 -9999.000000 -9999.000000
1.056871 1.071993 1.000000 1.053777 1.056709 1.107372 1.055427 1.051160 1.049239 1.088620 1.000000 1.000127 1.064353 1.000000 1.105483 1.000000 1.000000 1.000000 1.045104 1.000000 1.088680 1.094991 1.091652 1.090753 1.046731 3.601842 2.324647 1.000000 1.881128 1.561496 -9999.000000 -9999.000000 -9999.000000 -9999.000000 -9999.000000 -9999.000000 -9999.000000 -9999.000000 -9999.000000 -9999.000000 -9999.000000 -9999.000000 -9999.000000 -9999.000000 -9999.000000 -9999.000000 -9999.000000 -9999.000000 -9999.000000 -9999.000000 -9999.000000 -9999.000000 -9999.000000 -9999.000000 -9999.000000 -9999.000000 -9999.000000
1.162585 1.128165 1.000000 1.070552 1.003178 1.000143 1.000006 1.000000 1.048203 1.048374 1.000000 1.000253 1.000000 1.000000 1.000000 1.000000 1.000000 1.000000 1.000000 1.000000 1.045214 1.563296 1.780820 1.890377 1.945187 4.901886 2.525245 1.000000 1.558726 1.000000 2.408638 -9999.000000 -9999.000000 -9999.000000 -9999.000000 -9999.000000 -9999.000000 -9999.000000 -9999.000000 -9999.000000 -9999.000000 -9999.000000 1.000000 -9999.000000 -9999.000000 -9999.000000 -9999.000000 -9999.000000 -9999.000000 -9999.000000 -9999.000000 -9999.000000 -9999.000000 -9999.000000 -9999.000000 -9999.000000 -9999.000000
1.000000 1.000000 1.117473 1.000000 1.000000 1.000000 1.000000 1.000000 1.000000 1.000000 1.000000 1.000000 1.000682 1.000000 1.058831 1.000000 1.057003 1.000000 1.000000 1.000000 1.045059 1.000000 1.500000 1.750000 3.584994 2.929381 1.000000 1.000000 1.000000 1.000000 1.000000 1.000000 -9999.000000 -9999.000000 -9999.000000 -9999.000000 -9999.000000 -9999.000000 -9999.000000 -9999.000000 -9999.000000 -9999.000000 1.000000 -9999.000000 -9999.000000 -9999.000000 -9999.000000 -9999.000000 -9999.000000 -9999.000000 -9999.000000 -9999.000000 -9999.000000 -9999.000000 -9999.000000 -9999.000000 -9999.000000
1.000000 1.000000 1.000000 1.000000 1.000000 1.000000 1.000000 1.000000 1.000000 1.000000 1.000000 1.000000 1.000000 1.002437 1.003684 1.009368 1.068225 1.104294 1.000000 1.000000 1.566945 1.000000 1.000000 2.000000 1.919131 1.914106 2.392437 1.000000 1.000000 1.000000 1.000000 1.000000 -9999.000000 -9999.000000 -9999.000000 -9999.000000 -9999.000000 -9999.000000 -9999.000000 -9999.000000 -9999.000000 -9999.000000 -9999.000000 -9999.000000 -9999.000000 -9999.000000 -9999.000000 -9999.000000 -9999.000000 -9999.000000 -9999.000000 -9999.000000 -9999.000000 -9999.000000 -9999.000000 -9999.000000 -9999.000000
1.000000 1.000000 1.000000 1.000000 1.000000 1.000000 1.000000 1.000000 1.000000 1.000000 1.000000 1.000000 1.000000 1.000000 1.000000 1.000000 1.000000 1.087609 1.066785 1.000000 1.844144 1.500000 1.000000 1.000000 1.838262 1.828211 1.560940 1.000000 1.000000 1.964212 3.934601 4.669117 1.000000 -9999.000000 -9999.000000 -9999.000000 -9999.000000 -9999.000000 -9999.000000 -9999.000000 -9999.000000 -9999.000000 -9999.000000 -9999.000000 1.000000 -9999.000000 -9999.000000 -9999.000000 -9999.000000 -9999.000000 -9999.000000 -9999.000000 -9999.000000 -9999.000000 -9999.000000 -9999.000000 -9999.000000
1.000000 1.000000 1.000000 1.000000 1.000000 1.000000 1.000000 1.000000 1.000000 1.000000 1.000000 1.000000 1.000000 1.000000 1.000000 1.000000 1.000000 1.121165 1.000000 1.000000 1.973227 3.377729 2.398546 1.561496 1.559072 1.544615 1.000000 1.000000 1.560047 6.234028 1.000000 1.000000 3.336924 1.000000 -9999.000000 -9999.000000 -9999.000000 -9999.000000 -9999.000000 -9999.000000 -9999.000000 -9999.000000 -9999.000000 -9999.000000 1.000000 -9999.000000 -9999.000000 -9999.000000 -9999.000000 -9999.000000 -9999.000000 -9999.000000 -9999.000000 -9999.000000 -9999.000000 -9999.000000 -9999.000000
1.000000 1.000000 1.000000 1.000000 1.000000 1.000000 1.000000 1.000000 1.000000 1.000000 1.000000 1.000000 1.000000 1.000000 1.000000 1.000000 1.000000 1.153332 1.000000 1.000000 3.324843 1.000000 1.000000 1.000000 1.000000 1.000000 1.000000 2.502774 3.744178 1.824254 1.000000 1.000000 3.272890 1.536239 1.000000 -9999.000000 -9999.000000 -9999.000000 -9999.000000 -9999.000000 -9999.000000 -9999.000000 -9999.000000 -9999.000000 -9999.000000 -9999.000000 1.000000 -9999.000000 -9999.000000 -9999.000000 1.000000 1.097977 -9999.000000 -9999.000000 1.000000 -9999.000000 -9999.000000
1.000000 1.000000 1.000000 1.000000 1.000000 1.000000 1.000000 1.000000 1.000000 1.000000 1.000000 1.000000 1.000000 1.000000 1.000000 1.000000 1.000000 1.306665 1.000000 1.000000 3.682756 1.000000 1.000000 1.000000 1.000000 1.555427 1.000000 1.546133 1.549503 1.549503 1.560047 1.829526 3.651250 2.383092 1.000000 1.000000 -9999.000000 -9999.000000 -9999.000000 -9999.000000 -9999.000000 -9999.000000 -9999.000000 -9999.000000 -9999.000000 -9999.000000 -9999.000000 -9999.000000 -9999.000000 -9999.000000 1.416288 1.000000 1.266411 -9999.000000 -9999.000000 -9999.000000 -9999.000000
1.000000 1.000000 1.000000 1.000000 1.000000 1.000000 1.000000 1.000000 1.000000 1.000000 1.000000 1.000000 1.000000 1.000000 1.000000 1.000000 1.000000 1.613330 1.000000 2.759771 1.671994 2.343987 2.554735 1.000000 1.000000 2.784662 1.000000 1.000000 1.000000 1.000000 1.000000 1.000000 4.296188 2.248340 1.944933 1.000000 -9999.000000 -9999.000000 -9999.000000 -9999.000000 -9999.000000 -9999.000000 -9999.000000 -9999.000000 -9999.000000 -9999.000000 -9999.000000 -9999.000000 -9999.000000 -9999.000000 1.417214 1.077248 1.000000 1.168012 -9999.000000 -9999.000000 -9999.000000
1.000000 1.000000 1.000000 1.000000 1.000000 1.000000 1.000000 1.000000 1.000000 1.000000 1.000000 1.000000 1.000000 1.000000 1.000000 1.000000 1.000000 1.000000 2.634613 2.948643 1.000000 2.061206 2.049933 1.966628 1.000000 2.448235 1.551187 1.000000 1.000000 1.000000 1.000000 1.000000 1.550385 4.248806 2.027893 1.000000 1.536239 -9999.000000 -9999.000000 -9999.000000 -9999.000000 -9999.000000 -9999.000000 -9999.000000 -9999.000000 -9999.000000 -9999.000000 -9999.000000 -9999.000000 1.309360 1.177097 1.000000 1.000000 1.000000 -9999.000000 -9999.000000 -9999.000000
1.000000 1.000000 1.000000 1.000000 1.000000 1.000000 1.000000 1.000000 1.000000 1.000000 1.000000 1.000000 1.000000 1.000000 1.000000 1.000000 1.000000 1.000000 1.000000 1.000000 5.086931 1.777713 1.555427 1.000000 1.000000 3.461515 1.000000 1.000000 1.549503 1.549503 2.124742 1.000000 1.000000 1.000000 6.079377 1.000000 1.000000 1.551187 -9999.000000 -9999.000000 -9999.000000 -9999.000000 -9999.000000 -9999.000000 -9999.000000 -9999.000000 -9999.000000 -9999.000000 -9999.000000 -9999.000000 1.178714 1.000000 1.000000 -9999.000000 -9999.000000 -9999.000000 -9999.000000
1.000000 1.000000 1.000000 1.000000 1.000000 1.000000 1.000000 1.000000 1.000000 1.000000 1.000000 1.000000 1.000000 1.000000 1.000000 1.000000 1.000000 1.000000 1.000000 1.000000 1.578921 4.962291 2.678975 3.285473 4.498467 3.196624 2.570087 3.037800 1.618544 2.390594 1.000000 1.000000 1.553241 3.255568 1.000000 4.431153 3.283343 2.692056 2.382267 -9999.000000 -9999.000000 -9999.000000 -9999.000000 -9999.000000 -9999.000000 -9999.000000 1.284148 -9999.000000 -9999.000000 -9999.000000 1.193084 1.077906 1.000000 -9999.000000 -9999.000000 -9999.000000 -9999.000000
1.000000 1.000000 1.000000 1.000000 1.000000 1.000000 1.000000 1.000000 1.000000 1.000000 1.000000 1.000000 1.000000 1.000000 1.000000 1.000000 1.000000 1.000000 1.000000 1.000000 1.000000 2.179105 3.922440 1.790209 1.500000 1.000000 2.241911 2.411344 2.720313 1.500000 1.000000 1.000000 1.500000 1.546133 1.000000 1.000000 1.000000 3.277104 2.695346 2.398058 -9999.000000 -9999.000000 -9999.000000 -9999.000000 -9999.000000 -9999.000000 1.205400 1.725119 -9999.000000 -9999.000000 -9999.000000 1.081535 -9999.000000 -9999.000000 -9999.000000 -9999.000000 -9999.000000
1.000000 1.000000 1.000000 1.000000 1.000000 1.000000 1.000000 1.000000 1.000000 1.000000 1.000000 1.000000 1.000000 1.000000 1.000000 1.000000 1.000000 1.000000 1.000000 1.000000 1.000000 2.235219 1.790398 2.840305 2.051986 2.023552 1.974627 1.949254 1.799503 1.500000 1.000000 1.000000 1.000000 1.000000 1.000000 1.000000 2.920189 1.000000 1.581648 2.131745 -9999.000000 -9999.000000 -9999.000000 -9999.000000 -9999.000000 -9999.000000 1.263786 1.562210 1.860069 -9999.000000 -9999.000000 -9999.000000 -9999.000000 -9999.000000 -9999.000000 -9999.000000 -9999.000000
1.000000 1.000000 1.000000 1.000000 1.000000 1.000000 1.000000 1.000000 1.000000 1.000000 1.000000 1.000000 1.000000 1.000000 1.000000 1.000000 1.000000 1.000000 1.000000 1.000000 1.000000 1.212975 1.500378 1.000000 2.089851 1.955331 1.910663 1.821326 1.550385 1.000000 1.000000 1.000000 3.265935 2.542519 1.000000 1.000000 2.569663 1.000000 1.000000 1.431297 1.206450 -9999.000000 -9999.000000 -9999.000000 1.000000 1.000000 1.428152 2.023109 1.579808 -9999.000000 -9999.000000 -9999.000000 -9999.000000 -9999.000000 -9999.000000 -9999.000000 -9999.000000
