ASCII/pow_all_1.txt
ncols         489
nrows         533
xllcorner     593175.11526712
yllcorner     2721796.0885475
cellsize      29.615804956512
NODATA_value  -9999
[rows 475 to 499 of 533, columns 399 to 455 of 489]
1.000000 1.000000 1.000000 1.000000 1.000000 1.000000 1.000000 1.000000 1.097977 1.106918 1.090712 1.080741 1.104437 1.044472 1.044290 1.163443 1.091816 1.000000 1.167389 1.090390 1.204969 -9999.000000 -9999.000000 -9999.000000 -9999.000000 -9999.000000 -9999.000000 -9999.000000 -9999.000000 -9999.000000 -9999.000000 -9999.000000 -9999.000000 -9999.000000 -9999.000000 -9999.000000 -9999.000000 -9999.000000 -9999.000000 -9999.000000 -9999.000000 -9999.000000 -9999.000000 -9999.000000 -9999.000000 -9999.000000 -9999.000000 -9999.000000 -9999.000000 -9999.000000 -9999.000000 -9999.000000 -9999.000000 -9999.000000 -9999.000000 -9999.000000 -9999.000000
1.000000 1.000000 1.000000 1.000000 1.000000 1.000000 1.000000 1.000000 1.000000 1.104843 1.049222 1.102477 1.084060 1.133824 1.178770 1.000000 1.000000 1.000000 1.083419 1.146566 1.000000 1.117626 1.087158 -9999.000000 -9999.000000 -9999.000000 -9999.000000 -9999.000000 -9999.000000 -9999.000000 -9999.000000 -9999.000000 -9999.000000 -9999.000000 -9999.000000 -9999.000000 -9999.000000 -9999.000000 -9999.000000 -9999.000000 -9999.000000 -9999.000000 -9999.000000 -9999.000000 -9999.000000 -9999.000000 -9999.000000 -9999.000000 -9999.000000 -9999.000000 -9999.000000 -9999.000000 -9999.000000 -9999.000000 -9999.000000 -9999.000000 -9999.000000
1.000000 1.000000 1.000000 1.000000 1.000000 1.000000 1.000000 1.114790 1.151679 1.113066 1.164700 1.000000 2.770282 1.911803 1.590227 1.090690 1.000000 1.000000 1.228861 1.022912 1.000000 1.000000 1.117826 -9999.000000 -9999.000000 -9999.000000 -9999.000000 -9999.000000 -9999.000000 -9999.000000 -9999.000000 -9999.000000 -9999.000000 -9999.000000 -9999.000000 -9999.000000 -9999.000000 -9999.000000 -9999.000000 -9999.000000 -9999.000000 -9999.000000 -9999.000000 -9999.000000 -9999.000000 -9999.000000 -9999.000000 -9999.000000 -9999.000000 -9999.000000 -9999.000000 -9999.000000 -9999.000000 -9999.000000 -9999.000000 -9999.000000 -9999.000000
1.000000 1.000000 1.000000 1.000000 1.000000 1.000000 1.000000 1.117653 1.000000 1.105687 1.084516 5.454462 1.000000 1.126466 1.234121 1.485461 1.000000 1.228023 1.123804 1.000000 1.000000 1.000000 1.000000 1.113686 1.092086 -9999.000000 -9999.000000 -9999.000000 -9999.000000 -9999.000000 -9999.000000 -9999.000000 -9999.000000 -9999.000000 -9999.000000 -9999.000000 -9999.000000 -9999.000000 -9999.000000 -9999.000000 -9999.000000 -9999.000000 -9999.000000 -9999.000000 -9999.000000 -9999.000000 -9999.000000 -9999.000000 -9999.000000 -9999.000000 -9999.000000 1.000000 -9999.000000 -9999.000000 -9999.000000 -9999.000000 -9999.000000
1.000000 1.000000 1.000000 1.000000 1.000000 1.000000 1.000000 1.117784 2.373120 3.902739 5.382525 2.404623 1.000000 1.110985 1.000000 1.000000 1.291791 1.204727 1.000000 1.000000 1.000000 1.000000 1.200551 1.000000 1.000000 -9999.000000 -9999.000000 -9999.000000 -9999.000000 -9999.000000 -9999.000000 -9999.000000 -9999.000000 -9999.000000 -9999.000000 1.000000 -9999.000000 -9999.000000 -9999.000000 -9999.000000 -9999.000000 -9999.000000 -9999.000000 -9999.000000 -9999.000000 -9999.000000 -9999.000000 -9999.000000 -9999.000000 -9999.000000 -9999.000000 -9999.000000 -9999.000000 -9999.000000 -9999.000000 -9999.000000 -9999.000000
1.000000 1.000000 1.000000 1.000000 1.000000 1.029383 1.000000 1.119643 1.000000 1.000000 3.245421 2.453947 1.021129 1.000000 1.000000 1.149104 1.000000 1.000000 1.114279 1.083579 1.176444 1.085548 1.000000 1.115884 1.199669 1.000000 1.077729 -9999.000000 -9999.000000 -9999.000000 -9999.000000 -9999.000000 -9999.000000 -9999.000000 -9999.000000 -9999.000000 1.000000 -9999.000000 1.000000 -9999.000000 -9999.000000 -9999.000000 -9999.000000 -9999.000000 -9999.000000 -9999.000000 -9999.000000 -9999.000000 -9999.000000 -9999.000000 -9999.000000 -9999.000000 -9999.000000 -9999.000000 -9999.000000 -9999.000000 -9999.000000
1.000000 1.000000 1.000000 1.000000 1.000000 1.000000 1.127387 1.134207 1.122716 1.000000 1.115913 1.127992 1.000000 1.000000 1.000000 1.000000 1.117484 1.000000 1.000000 1.000000 1.000000 1.000000 1.000000 1.000000 1.000000 1.000000 1.090914 -9999.000000 -9999.000000 -9999.000000 -9999.000000 -9999.000000 -9999.000000 -9999.000000 -9999.000000 -9999.000000 -9999.000000 1.000000 1.000000 -9999.000000 -9999.000000 -9999.000000 -9999.000000 -9999.000000 -9999.000000 -9999.000000 -9999.000000 -9999.000000 -9999.000000 -9999.000000 -9999.000000 -9999.000000 -9999.000000 -9999.000000 -9999.000000 -9999.000000 -9999.000000
1.035226 1.031014 1.025270 1.000000 1.000000 1.000000 1.000000 1.000000 1.116448 1.337109 1.243756 1.125567 1.000000 1.000000 1.000000 1.000000 1.115526 1.241978 1.093991 1.000000 1.000000 1.084540 1.000000 1.000000 1.000000 1.094796 1.094178 1.081249 1.721815 -9999.000000 -9999.000000 -9999.000000 -9999.000000 -9999.000000 -9999.000000 -9999.000000 -9999.000000 -9999.000000 1.000000 -9999.000000 -9999.000000 -9999.000000 -9999.000000 -9999.000000 -9999.000000 -9999.000000 -9999.000000 -9999.000000 -9999.000000 -9999.000000 -9999.000000 -9999.000000 -9999.000000 -9999.000000 -9999.000000 -9999.000000 -9999.000000
1.035244 1.000000 1.120508 1.115667 1.000000 1.032884 1.162516 1.000000 1.000000 1.076708 1.078050 1.227759 1.000000 1.107826 1.115917 1.000000 1.227488 1.227527 1.096830 1.000000 1.000000 1.083483 1.000000 1.198304 1.000000 1.083593 1.089692 2.185467 1.487656 2.259407 -9999.000000 -9999.000000 -9999.000000 -9999.000000 -9999.000000 -9999.000000 -9999.000000 -9999.000000 -9999.000000 -9999.000000 -9999.000000 -9999.000000 -9999.000000 -9999.000000 -9999.000000 -9999.000000 -9999.000000 -9999.000000 -9999.000000 -9999.000000 -9999.000000 -9999.000000 -9999.000000 -9999.000000 -9999.000000 -9999.000000 -9999.000000
1.159153 1.166689 1.000000 1.000000 1.168621 1.000000 1.176075 1.243796 1.287421 1.082291 1.000000 1.068018 1.000000 1.269791 1.000000 1.255495 1.000000 1.099273 1.187835 1.000000 1.000000 1.113950 1.000000 1.000000 1.024447 1.000000 3.836981 1.000000 1.904624 2.518813 -9999.000000 -9999.000000 -9999.000000 -9999.000000 -9999.000000 -9999.000000 -9999.000000 -9999.000000 -9999.000000 -9999.000000 -9999.000000 -9999.000000 -9999.000000 -9999.000000 -9999.000000 -9999.000000 -9999.000000 -9999.000000 -9999.000000 -9999.000000 -9999.000000 -9999.000000 -9999.000000 -9999.000000 -9999.000000 -9999.000000 -9999.000000
1.131797 1.172429 1.000000 1.132087 1.140197 1.250681 1.117053 1.094021 1.082637 1.090601 1.000000 1.000227 1.144875 1.000000 1.208645 1.000000 1.000000 1.000000 1.090535 1.000000 1.169143 1.189091 1.176724 1.172672 1.087335 5.078875 3.558010 1.000000 2.717534 2.114959 -9999.000000 -9999.000000 -9999.000000 -9999.000000 -9999.000000 -9999.000000 -9999.000000 -9999.000000 -9999.000000 -9999.000000 -9999.000000 -9999.000000 -9999.000000 -9999.000000 -9999.000000 -9999.000000 -9999.000000 -9999.000000 -9999.000000 -9999.000000 -9999.000000 -9999.000000 -9999.000000 -9999.000000 -9999.000000 -9999.000000 -9999.000000
1.331324 1.263837 1.000000 1.157781 1.007106 1.000320 1.000014 1.000000 1.089952 1.094134 1.000000 1.000454 1.000000 1.000000 1.000000 1.000000 1.000000 1.000000 1.000000 1.000000 1.093784 2.118694 2.057628 2.028746 2.014370 6.750562 3.875520 1.000000 2.087259 1.000000 3.832520 -9999.000000 -9999.000000 -9999.000000 -9999.000000 -9999.000000 -9999.000000 -9999.000000 -9999.000000 -9999.000000 -9999.000000 -9999.000000 1.000000 -9999.000000 -9999.000000 -9999.000000 -9999.000000 -9999.000000 -9999.000000 -9999.000000 -9999.000000 -9999.000000 -9999.000000 -9999.000000 -9999.000000 -9999.000000 -9999.000000
1.000000 1.000000 1.233016 1.000000 1.000000 1.000000 1.000000 1.000000 1.000000 1.000000 1.000000 1.000000 1.001224 1.000000 1.124579 1.000000 1.109387 1.000000 1.000000 1.000000 1.093057 1.000000 1.500000 1.750000 3.783583 4.258217 1.000000 1.000000 1.000000 1.000000 1.000000 1.000000 -9999.000000 -9999.000000 -9999.000000 -9999.000000 -9999.000000 -9999.000000 -9999.000000 -9999.000000 -9999.000000 -9999.000000 1.000000 -9999.000000 -9999.000000 -9999.000000 -9999.000000 -9999.000000 -9999.000000 -9999.000000 -9999.000000 -9999.000000 -9999.000000 -9999.000000 -9999.000000 -9999.000000 -9999.000000
1.000000 1.000000 1.000000 1.000000 1.000000 1.000000 1.000000 1.000000 1.000000 1.000000 1.000000 1.000000 1.000000 1.004577 1.006639 1.017694 1.144647 1.227127 1.000000 1.000000 2.155243 1.000000 1.000000 2.000000 2.316310 2.266056 3.674370 1.000000 1.000000 1.000000 1.000000 1.000000 -9999.000000 -9999.000000 -9999.000000 -9999.000000 -9999.000000 -9999.000000 -9999.000000 -9999.000000 -9999.000000 -9999.000000 -9999.000000 -9999.000000 -9999.000000 -9999.000000 -9999.000000 -9999.000000 -9999.000000 -9999.000000 -9999.000000 -9999.000000 -9999.000000 -9999.000000 -9999.000000 -9999.000000 -9999.000000
1.000000 1.000000 1.000000 1.000000 1.000000 1.000000 1.000000 1.000000 1.000000 1.000000 1.000000 1.000000 1.000000 1.000000 1.000000 1.000000 1.000000 1.167136 1.124544 1.000000 2.690880 1.500000 1.000000 1.000000 2.632620 2.532111 2.109397 1.000000 1.000000 2.765189 6.424516 7.730423 1.000000 -9999.000000 -9999.000000 -9999.000000 -9999.000000 -9999.000000 -9999.000000 -9999.000000 -9999.000000 -9999.000000 -9999.000000 -9999.000000 1.000000 -9999.000000 -9999.000000 -9999.000000 -9999.000000 -9999.000000 -9999.000000 -9999.000000 -9999.000000 -9999.000000 -9999.000000 -9999.000000 -9999.000000
1.000000 1.000000 1.000000 1.000000 1.000000 1.000000 1.000000 1.000000 1.000000 1.000000 1.000000 1.000000 1.000000 1.000000 1.000000 1.000000 1.000000 1.224220 1.000000 1.000000 2.857245 4.525357 3.735460 2.114959 2.090722 1.946149 1.000000 1.000000 2.100471 10.579190 1.000000 1.000000 5.250611 1.000000 -9999.000000 -9999.000000 -9999.000000 -9999.000000 -9999.000000 -9999.000000 -9999.000000 -9999.000000 -9999.000000 -9999.000000 1.000000 -9999.000000 -9999.000000 -9999.000000 -9999.000000 -9999.000000 -9999.000000 -9999.000000 -9999.000000 -9999.000000 -9999.000000 -9999.000000 -9999.000000
1.000000 1.000000 1.000000 1.000000 1.000000 1.000000 1.000000 1.000000 1.000000 1.000000 1.000000 1.000000 1.000000 1.000000 1.000000 1.000000 1.000000 1.274811 1.000000 1.000000 4.835186 1.000000 1.000000 1.000000 1.000000 1.000000 1.000000 3.650816 5.937921 2.492540 1.000000 1.000000 5.169591 1.862390 1.000000 -9999.000000 -9999.000000 -9999.000000 -9999.000000 -9999.000000 -9999.000000 -9999.000000 -9999.000000 -9999.000000 -9999.000000 -9999.000000 1.000000 -9999.000000 -9999.000000 -9999.000000 1.000000 1.222914 -9999.000000 -9999.000000 1.000000 -9999.000000 -9999.000000
1.000000 1.000000 1.000000 1.000000 1.000000 1.000000 1.000000 1.000000 1.000000 1.000000 1.000000 1.000000 1.000000 1.000000 1.000000 1.000000 1.000000 1.549621 1.000000 1.000000 5.744017 1.000000 1.000000 1.000000 1.000000 2.054266 1.000000 1.961334 1.995026 1.995026 2.100471 2.545262 5.857842 3.580916 1.000000 1.000000 -9999.000000 -9999.000000 -9999.000000 -9999.000000 -9999.000000 -9999.000000 -9999.000000 -9999.000000 -9999.000000 -9999.000000 -9999.000000 -9999.000000 -9999.000000 -9999.000000 1.861037 1.000000 1.587036 -9999.000000 -9999.000000 -9999.000000 -9999.000000
1.000000 1.000000 1.000000 1.000000 1.000000 1.000000 1.000000 1.000000 1.000000 1.000000 1.000000 1.000000 1.000000 1.000000 1.000000 1.000000 1.000000 2.099243 1.000000 4.262605 2.375703 3.751406 4.170421 1.000000 1.000000 4.219690 1.000000 1.000000 1.000000 1.000000 1.000000 1.000000 7.384554 3.358396 2.572407 1.000000 -9999.000000 -9999.000000 -9999.000000 -9999.000000 -9999.000000 -9999.000000 -9999.000000 -9999.000000 -9999.000000 -9999.000000 -9999.000000 -9999.000000 -9999.000000 -9999.000000 1.934008 1.150321 1.000000 1.304233 -9999.000000 -9999.000000 -9999.000000
1.000000 1.000000 1.000000 1.000000 1.000000 1.000000 1.000000 1.000000 1.000000 1.000000 1.000000 1.000000 1.000000 1.000000 1.000000 1.000000 1.000000 1.000000 3.929640 4.410928 1.000000 2.892825 3.060871 2.789350 1.000000 3.668882 2.011873 1.000000 1.000000 1.000000 1.000000 1.000000 2.003848 7.199509 2.840469 1.000000 1.862390 -9999.000000 -9999.000000 -9999.000000 -9999.000000 -9999.000000 -9999.000000 -9999.000000 -9999.000000 -9999.000000 -9999.000000 -9999.000000 -9999.000000 1.747892 1.425814 1.000000 1.000000 1.000000 -9999.000000 -9999.000000 -9999.000000
1.000000 1.000000 1.000000 1.000000 1.000000 1.000000 1.000000 1.000000 1.000000 1.000000 1.000000 1.000000 1.000000 1.000000 1.000000 1.000000 1.000000 1.000000 1.000000 1.000000 8.025789 2.027133 2.054266 1.000000 1.000000 5.643022 1.000000 1.000000 1.995026 1.995026 3.247417 1.000000 1.000000 1.000000 10.490850 1.000000 1.000000 2.011873 -9999.000000 -9999.000000 -9999.000000 -9999.000000 -9999.000000 -9999.000000 -9999.000000 -9999.000000 -9999.000000 -9999.000000 -9999.000000 -9999.000000 1.434425 1.000000 1.000000 -9999.000000 -9999.000000 -9999.000000 -9999.000000
1.000000 1.000000 1.000000 1.000000 1.000000 1.000000 1.000000 1.000000 1.000000 1.000000 1.000000 1.000000 1.000000 1.000000 1.000000 1.000000 1.000000 1.000000 1.000000 1.000000 2.289206 7.122009 3.802666 4.880553 7.036327 4.811059 3.901827 4.779908 2.120044 3.652088 1.000000 1.000000 2.032413 4.990289 1.000000 7.437160 5.396243 4.201970 3.463374 -9999.000000 -9999.000000 -9999.000000 -9999.000000 -9999.000000 -9999.000000 -9999.000000 1.522792 -9999.000000 -9999.000000 -9999.000000 1.474065 1.151602 1.000000 -9999.000000 -9999.000000 -9999.000000 -9999.000000
1.000000 1.000000 1.000000 1.000000 1.000000 1.000000 1.000000 1.000000 1.000000 1.000000 1.000000 1.000000 1.000000 1.000000 1.000000 1.000000 1.000000 1.000000 1.000000 1.000000 1.000000 3.368937 5.120403 2.152095 1.500000 1.000000 3.081725 3.438671 3.853596 1.500000 1.000000 1.000000 1.500000 1.961334 1.000000 1.000000 1.000000 5.695184 4.415530 3.711613 -9999.000000 -9999.000000 -9999.000000 -9999.000000 -9999.000000 -9999.000000 1.468127 2.341569 -9999.000000 -9999.000000 -9999.000000 1.181925 -9999.000000 -9999.000000 -9999.000000 -9999.000000 -9999.000000
1.000000 1.000000 1.000000 1.000000 1.000000 1.000000 1.000000 1.000000 1.000000 1.000000 1.000000 1.000000 1.000000 1.000000 1.000000 1.000000 1.000000 1.000000 1.000000 1.000000 1.000000 3.507956 2.152430 3.475369 2.660482 2.516774 2.308770 2.617540 2.245026 1.500000 1.000000 1.000000 1.000000 1.000000 1.000000 1.000000 5.013422 1.000000 2.316479 3.544688 -9999.000000 -9999.000000 -9999.000000 -9999.000000 -9999.000000 -9999.000000 1.570814 2.294230 2.850695 -9999.000000 -9999.000000 -9999.000000 -9999.000000 -9999.000000 -9999.000000 -9999.000000 -9999.000000
1.000000 1.000000 1.000000 1.000000 1.000000 1.000000 1.000000 1.000000 1.000000 1.000000 1.000000 1.000000 1.000000 1.000000 1.000000 1.000000 1.000000 1.000000 1.000000 1.000000 1.000000 1.441286 1.500672 1.000000 2.247760 2.115814 2.231629 2.463258 2.003848 1.000000 1.000000 1.000000 5.093961 4.048264 1.000000 1.000000 4.319700 1.000000 1.000000 1.936043 1.438052 -9999.000000 -9999.000000 -9999.000000 1.000000 1.000000 1.904595 3.354160 2.298083 -9999.000000 -9999.000000 -9999.000000 -9999.000000 -9999.000000 -9999.000000 -9999.000000 -9999.000000
