ASCII/pow_all_1.txt
ncols         489
nrows         533
xllcorner     593175.11526712
yllcorner     2721796.0885475
cellsize      29.615804956512
NODATA_value  -9999
[rows 425 to 449 of 533, columns 285 to 341 of 489]
1.000000 1.139168 1.027096 1.032476 1.000000 1.000000 1.000000 1.005730 1.000000 1.036518 1.006164 1.031141 1.000000 1.000000 1.041455 1.006290 1.005562 1.000000 1.004200 1.001912 1.001905 1.008016 1.000000 1.005295 1.000000 1.000000 1.000000 1.000000 1.000000 1.000319 1.000000 1.005564 1.276669 1.000000 1.000000 1.000000 2.182258 4.982373 1.029942 1.994330 1.034909 1.034055 1.000000 -9999.000000 1.000000 1.000000 1.000000 1.059012 1.031050 1.032610 1.030695 1.065886 1.011214 1.000000 1.004147 1.036902 1.003984
1.000000 1.000000 1.091345 1.000000 1.005626 1.043703 1.045664 1.000375 1.000478 1.000000 1.000000 1.030811 1.000000 1.000000 1.050566 1.016038 1.004226 1.000000 1.004824 1.008474 1.006763 1.000000 1.005055 1.000000 1.005802 1.000000 1.000000 1.000000 1.000000 1.006212 1.000000 1.005053 1.137377 1.000000 1.000000 1.000000 1.000000 5.175339 1.000000 1.000000 2.194681 2.219428 1.587501 1.343965 1.000000 -9999.000000 -9999.000000 1.000000 1.061991 1.058505 1.000000 1.000000 1.000000 1.000000 1.000000 1.060336 1.052321
1.000000 1.000000 1.000000 1.019797 1.004917 1.080727 1.004960 1.005786 1.000391 1.000000 1.010455 1.000000 1.000000 1.000000 1.000000 1.000000 1.000000 1.000000 1.000000 1.006900 1.003216 1.004641 1.005105 1.006229 1.004456 1.000000 1.005296 1.000000 1.006405 1.005753 1.005291 1.004706 1.070922 1.008595 1.000000 2.130122 1.000000 1.000000 3.424234 3.963842 2.514196 1.000000 1.000000 1.079005 1.144843 1.084469 -9999.000000 1.000000 1.000000 1.027718 1.000000 1.000000 1.055074 1.000000 1.000000 1.076752 1.024773
1.000000 1.000000 1.039078 1.000000 1.085756 1.032669 1.004660 1.006230 1.000000 1.011419 1.000000 1.000000 1.061629 1.000000 1.000000 1.000000 1.000000 1.004882 1.006967 1.003739 1.004551 1.005366 1.011321 1.000000 1.000000 1.000000 1.000000 1.000374 1.011146 1.005040 1.004535 1.003987 1.041042 1.000000 1.000000 1.000000 1.528271 1.278813 1.004639 1.000000 1.000000 1.000000 1.114521 1.000000 1.034039 1.066151 1.064974 -9999.000000 1.000000 1.000000 1.032793 1.000000 1.000000 1.031939 1.108941 1.000000 1.024907
1.044161 1.039688 1.039794 1.038145 1.079533 1.047171 1.000000 1.000000 1.014083 1.010645 1.006043 1.006660 1.000000 1.000000 1.000000 1.009924 1.005120 1.007253 1.003738 1.004993 1.005528 1.000325 1.000000 1.000000 1.000000 1.004828 1.005069 1.000000 1.017475 1.000000 1.000000 1.023219 1.000000 1.000000 1.000000 1.003619 1.000000 1.000000 1.000000 1.000000 1.000000 1.033097 1.213942 1.005114 1.000000 1.031243 1.000000 -9999.000000 1.000000 1.027238 1.013790 1.054583 1.024821 1.210565 1.000000 1.000000 1.025387
1.047067 1.039447 1.036539 1.076791 1.040471 1.000000 1.000000 1.000000 1.011561 1.000000 1.010500 1.049745 1.040220 1.000000 1.000000 1.000000 1.010445 1.003908 1.004822 1.005974 1.005784 1.000000 1.000000 1.000000 1.005196 1.005728 1.005169 1.000000 1.000000 1.000581 1.000000 1.009454 1.026987 1.000000 1.000000 1.000000 1.000000 1.031840 1.000000 1.000000 1.000000 1.032072 1.243125 1.000000 1.000000 1.000000 1.000000 1.004778 1.035015 1.063568 1.026571 1.023365 1.377185 1.061265 1.000000 1.000000 1.026718
1.035938 1.026854 1.015781 1.069248 1.039215 1.000000 1.000000 1.000000 1.000000 1.000000 1.000000 1.000000 1.000000 1.007781 1.008410 1.002126 1.003930 1.004550 1.010686 1.000000 1.000000 1.000000 1.000000 1.000000 1.011355 1.000296 1.000000 1.000000 1.000000 1.000000 1.003539 1.006488 1.004315 1.000000 1.000000 1.033984 1.099241 1.000000 1.004622 1.000000 1.000000 1.000000 1.499988 1.796599 2.545593 1.000000 1.000000 1.000000 -9999.000000 1.000000 1.000000 1.059034 1.718501 1.031821 1.061400 1.000000 1.000000
1.031040 1.015601 1.015436 1.069657 1.000000 1.006260 1.000000 1.000000 1.000000 1.000000 1.000000 1.009572 1.005498 1.000000 1.008306 1.004796 1.005454 1.005604 1.005255 1.005106 1.000000 1.000000 1.005020 1.000000 1.015314 1.000000 1.003678 1.003852 1.000000 1.033004 1.079197 1.041418 1.035658 1.030962 1.033999 1.031451 1.862824 2.299119 1.705776 1.385698 1.224779 1.222384 1.000000 1.000000 1.036262 2.357091 2.942026 3.238242 -9999.000000 1.000000 1.076528 1.030798 2.419270 1.000000 1.000000 1.028217 1.000000
1.500471 1.500237 1.015406 1.034183 1.000000 5.795180 5.498528 4.997704 1.000000 1.000000 1.010925 1.008939 1.000321 1.000000 1.008776 1.010475 1.000000 1.000000 1.000000 1.000000 1.000000 1.047547 1.107693 1.000000 1.004745 1.042154 1.004613 1.000000 1.000000 1.000000 1.000000 1.000000 1.033999 1.062268 1.025971 1.024239 1.500370 1.750023 1.388709 1.201357 1.148795 1.066392 1.037201 1.000000 1.000000 1.000000 2.090722 -9999.000000 1.000000 1.000000 1.000000 1.035781 3.813277 1.032083 1.000000 1.000000 1.000000
1.750007 1.750004 1.015385 1.031008 1.034599 5.879732 1.000000 1.000000 1.000000 1.000000 1.011039 1.008262 1.000000 1.000000 1.000000 1.005937 1.005770 1.000000 1.000000 1.004207 1.000000 1.040995 1.000000 1.006805 1.032740 1.030577 1.025073 1.100198 1.032964 1.000000 1.000000 1.000000 1.033368 1.024353 1.014154 1.013977 1.013939 1.013902 1.013865 1.030481 1.073249 1.066790 1.036947 1.000000 1.000000 1.000000 1.000000 1.000000 1.000000 1.000000 1.000000 1.000000 2.762753 1.000000 1.061816 1.000000 1.000000
2.255120 1.875000 1.015367 1.015640 5.786333 3.437644 3.345488 1.000000 1.000000 1.000000 1.010622 1.008542 1.000000 1.005261 1.000000 1.005774 1.000000 1.000000 1.000000 1.004464 1.007074 1.079347 1.000000 1.027203 1.865114 1.458454 1.227661 1.124492 1.080449 1.092447 1.081856 1.037809 1.029804 1.015765 1.014775 1.014346 1.014113 1.013977 1.031389 1.013737 1.124302 1.034161 1.035090 1.005883 1.875146 1.000000 -9999.000000 1.000000 1.039047 1.035040 1.000000 1.004302 1.000000 1.000000 1.000000 1.023219 1.000000
2.636431 1.937500 1.015354 3.740568 2.834678 2.944654 2.551959 1.000000 1.000000 1.917630 1.008395 1.004819 1.006061 1.006032 1.000000 1.000000 1.000000 1.000000 1.000000 1.000000 1.049325 2.169819 1.000000 1.927900 1.902095 1.000000 1.000000 1.028385 1.014392 1.014161 1.014124 1.144283 1.085288 1.054163 1.029105 1.021434 1.017646 1.031520 1.013754 1.013712 1.257647 1.000000 1.000000 1.334410 1.000000 2.387943 -9999.000000 1.039459 1.075577 1.067956 1.057028 1.000000 -9999.000000 -9999.000000 -9999.000000 1.000000 1.000000
2.850583 1.968750 4.755496 4.213740 2.434741 1.076133 1.037728 1.818441 2.497560 1.467226 1.003850 1.005134 1.005658 1.000000 1.000000 1.000000 1.000000 1.000000 1.005396 1.000000 1.000000 1.000000 1.439946 1.000000 1.000000 1.000000 1.995026 2.556550 2.278275 1.640869 1.322982 1.000000 1.000000 1.003027 1.001669 1.001652 1.009400 1.023452 1.013555 1.013512 1.245365 1.288422 1.000000 1.000000 1.189387 3.110925 1.000000 -9999.000000 1.000000 -9999.000000 -9999.000000 -9999.000000 -9999.000000 -9999.000000 -9999.000000 -9999.000000 -9999.000000
2.871440 5.710126 1.000000 1.000000 1.004200 1.000000 1.000000 1.003882 1.003695 1.008579 1.004598 1.005147 1.005440 1.000000 1.000000 1.004677 1.000000 1.005907 1.005461 1.040330 1.037290 1.033680 2.094554 2.539576 1.647162 1.000000 1.907403 2.444419 2.584562 1.794011 1.397860 1.201010 1.102087 1.052411 1.026423 1.017912 1.003259 1.003072 1.001584 1.001565 1.477059 1.477674 1.000000 1.000000 1.093856 3.243585 1.000000 1.000000 -9999.000000 -9999.000000 -9999.000000 1.005163 2.292509 1.679877 1.352948 1.184075 1.093853
2.435720 4.322364 1.005595 1.000000 1.000000 1.000000 1.000000 1.005102 1.000000 1.005567 1.010899 1.010636 1.000000 1.000000 1.000000 1.011210 1.005840 1.005033 1.010142 1.004064 1.002162 1.038137 1.033515 1.000000 3.605669 3.462556 1.000000 1.003534 1.007849 1.003710 1.003254 1.003733 1.008446 1.008519 1.008094 1.003866 1.000000 1.003662 1.002983 1.001562 1.940292 1.000000 2.232909 1.000000 1.061335 2.621793 1.000000 1.000000 -9999.000000 -9999.000000 1.000000 1.000000 1.034718 1.035712 1.028957 1.013167 1.012916
2.976302 1.000000 1.000000 1.000000 1.000000 1.005098 1.014646 1.005357 1.000000 1.005758 1.005734 1.005210 1.000000 1.000000 1.000000 1.013869 1.009251 1.009095 1.009636 1.013990 1.000302 1.000000 1.000000 1.000000 1.058089 1.187375 1.000000 1.000000 1.000000 1.004707 1.013797 1.000323 1.000000 1.004489 1.000000 1.000295 1.003745 1.003828 1.002982 1.003095 2.853725 1.000000 3.368943 1.000000 2.028388 1.000000 1.000000 -9999.000000 -9999.000000 1.036116 1.035771 1.000000 1.035540 1.035864 1.028878 1.013128 1.012876
1.035444 1.000000 1.000000 1.036763 1.005948 1.005917 1.005568 1.005688 1.000000 1.004801 1.000000 1.000000 1.000000 1.004758 1.005070 1.000000 1.000366 1.000000 1.004828 1.004631 1.003199 1.000000 1.000000 1.004336 1.039807 1.034826 1.444795 1.000000 1.000000 1.000000 1.004446 1.003969 1.000000 1.000000 1.000000 1.000000 1.000000 1.000000 1.007370 1.003279 2.815156 1.000000 3.658155 1.379200 1.000000 1.000000 1.000000 -9999.000000 -9999.000000 1.000000 1.000000 1.005747 1.000000 1.000000 1.027282 1.013071 1.058017
1.037716 1.000000 1.000000 1.068446 1.035028 1.009848 1.006044 1.006154 1.000000 1.000000 1.000000 1.000000 1.000000 1.000000 1.000000 1.005619 1.000000 1.000000 1.000000 1.000000 1.000000 1.000000 1.000000 1.000000 1.081174 1.066935 1.003201 2.173896 1.004483 1.000000 1.000000 1.000000 1.000000 1.000000 1.000000 1.000000 1.000000 1.006652 1.003652 1.000000 2.429759 1.000000 1.000000 2.663769 2.055505 1.041561 1.000000 -9999.000000 1.000000 1.000000 1.038894 1.046507 1.110122 1.060016 1.055862 1.062769 1.000000
1.071327 1.000000 1.000000 1.064134 1.017852 1.005736 1.006162 1.000000 1.000000 1.000000 1.004937 1.000373 1.006362 1.000386 1.009792 1.000000 1.000000 1.000000 1.003282 1.000000 1.000000 1.000000 1.004904 1.005019 1.149478 1.130441 1.000000 3.340715 1.000000 1.000000 1.000000 1.000000 1.000000 1.004392 1.004218 1.003627 1.000000 1.000000 1.003545 1.000000 1.626442 1.000000 1.000000 1.000000 1.000000 1.000000 1.000000 -9999.000000 1.000000 1.038359 1.042859 1.069997 1.000000 1.022803 1.000000 1.000000 1.000000
1.000000 1.000000 1.000000 1.052096 1.004369 1.005958 1.006241 1.000000 1.000000 1.000000 1.000000 1.000429 1.000000 1.009816 1.009699 1.005364 1.000000 1.000000 1.004182 1.010824 1.000000 1.009979 1.011691 1.000000 1.296800 1.257686 1.000000 1.003258 5.195430 3.299646 3.000134 2.302427 1.008836 1.008096 1.007781 1.003766 1.000000 1.000000 1.000000 1.522020 2.221843 1.000000 1.000000 1.000000 1.000000 1.000000 -9999.000000 -9999.000000 1.000000 1.040660 1.044487 1.038263 1.000000 1.073020 1.000000 1.000000 1.000000
1.000000 1.068835 1.052351 1.036307 1.006371 1.053423 1.000000 1.000000 1.005286 1.000000 1.005937 1.000000 1.000000 1.009791 1.000000 1.000000 1.000000 1.000000 1.004528 1.005372 1.019763 1.000000 1.038009 1.039797 1.620189 1.367736 1.237762 1.014288 1.014236 3.695927 1.750000 1.500003 1.001661 1.001641 1.001625 1.003657 1.003866 1.000000 2.390579 1.000000 2.891100 1.000000 1.000000 1.000000 1.000000 -9999.000000 -9999.000000 1.000000 1.000000 1.000000 1.044008 1.000000 1.000000 1.050574 1.000000 1.029971 1.005395
1.033529 1.069743 1.000000 1.041936 1.005362 1.000000 1.000000 1.000000 1.036153 1.080844 1.043430 1.042073 1.039594 1.000000 1.000000 1.000000 1.000000 1.000000 1.000000 1.000000 1.000000 1.000000 1.000000 1.005956 2.211127 1.720349 1.467307 1.014315 1.014406 1.014381 4.815234 1.919237 1.838478 1.677305 1.380215 1.743793 2.415568 1.000000 1.000000 1.856495 1.979070 1.000000 1.000000 -9999.000000 -9999.000000 -9999.000000 1.000000 1.000000 1.000000 1.052114 1.080064 1.061234 1.000000 1.028348 1.035191 1.002873 1.003050
1.015789 1.030468 1.058046 1.046705 1.000000 1.000000 1.000000 1.000000 1.000000 1.000000 1.005377 1.071977 1.064902 1.033925 1.042444 1.006228 1.000000 1.000000 1.091696 1.000000 1.000000 1.000000 1.000000 1.000000 3.379231 2.371092 1.911824 1.014347 1.024683 1.026971 1.961334 4.997009 2.015575 2.031539 1.366792 1.711338 2.349992 1.000000 1.000000 1.000000 1.000000 -9999.000000 -9999.000000 -9999.000000 1.000000 1.000000 1.038767 1.041945 1.000000 1.042517 1.000000 1.028104 1.068533 1.012725 1.001225 1.003520 1.002490
1.015570 1.081219 1.000000 1.000000 1.000000 1.000000 1.000000 1.053137 1.000000 1.000000 1.000000 1.100365 1.000000 1.000000 1.000000 1.000000 1.040062 1.000000 1.000000 1.078146 1.006258 1.000000 1.000000 1.000000 1.000000 1.000000 2.793433 1.014381 1.027514 1.000000 1.000000 2.807677 3.259463 2.418301 2.032413 1.000000 2.376919 1.000000 1.000000 -9999.000000 -9999.000000 -9999.000000 1.000000 1.000000 1.000000 1.000000 1.044173 1.044882 1.000000 1.075494 1.033962 1.042348 1.012763 1.012700 1.001216 1.001196 1.004350
-9999.000000 1.079958 1.000000 1.000000 1.000000 1.038213 1.094230 1.080868 1.000000 1.000000 1.000000 1.032124 1.000000 1.000000 1.000000 1.000000 1.046294 1.073461 1.034377 1.033190 1.036569 4.836673 1.000000 1.000000 1.000000 2.361905 4.551817 1.014422 1.026597 1.000000 1.000000 2.811233 1.000000 2.799234 2.794279 2.452682 -9999.000000 -9999.000000 -9999.000000 1.000000 1.000000 1.000000 1.000000 1.000000 1.036515 1.000000 1.048370 1.105245 1.000000 1.000000 1.055032 1.012807 1.012741 1.012677 1.001207 1.001187 1.002232
