ASCII/pow_all_1.txt
ncols         489
nrows         533
xllcorner     593175.11526712
yllcorner     2721796.0885475
cellsize      29.615804956512
NODATA_value  -9999
[rows 450 to 474 of 533, columns 228 to 284 of 489]
1.073316 1.023820 1.000000 1.025387 1.056650 1.028297 1.000000 1.000000 1.003459 1.030661 1.029667 1.011513 1.011354 1.011397 1.011445 -9999.000000 -9999.000000 -9999.000000 -9999.000000 -9999.000000 1.000000 1.000000 1.000000 1.000000 -9999.000000 -9999.000000 -9999.000000 -9999.000000 1.000000 1.000000 1.000000 1.000000 1.032669 1.028962 1.013059 1.012947 1.013034 1.038366 1.000000 1.000000 1.000000 1.026699 1.023434 1.013775 1.014509 1.014599 1.014666 1.014731 1.014793 1.014852 1.014907 1.014959 1.015008 1.063643 1.027762 1.025424 1.014904
1.048097 1.011160 1.000000 1.000000 1.073864 1.000000 1.003967 1.000000 1.000000 1.028899 1.027954 1.500309 1.750003 -9999.000000 -9999.000000 -9999.000000 1.000000 1.000000 1.000000 1.000000 1.024534 1.021305 1.011969 1.011883 1.011962 1.012045 1.012130 1.031951 1.005469 1.000000 1.065047 1.000000 1.030053 1.027311 1.013048 1.012963 1.013056 1.013151 1.048215 1.000000 1.000000 1.025663 1.024583 1.013852 1.014565 1.014659 1.014731 1.014800 1.014866 1.014928 1.014987 1.015043 1.039088 1.000000 1.043208 1.078019 1.079378
1.035011 1.010894 1.010798 1.020319 1.000000 1.003656 1.086447 1.000000 1.000000 1.675170 1.360254 -9999.000000 -9999.000000 1.060287 1.000000 1.000000 1.000000 1.022901 1.054594 1.049635 1.023491 1.025735 1.043744 1.024658 1.024610 1.022744 1.012224 1.070334 1.000000 1.000000 1.032814 1.000000 1.000000 1.024262 1.013024 1.012983 1.013083 1.013184 1.013286 1.027465 1.025950 1.026116 1.023629 1.013907 1.014626 1.014725 1.014802 1.014876 1.014946 1.015012 1.014667 1.073544 1.042448 1.042278 1.045115 1.000000 1.000000
1.024608 1.010763 1.010791 1.000000 1.021235 1.019383 1.862595 2.381660 2.842189 -9999.000000 -9999.000000 1.000000 1.000000 1.000000 1.000000 1.000000 1.025860 1.026504 1.000000 1.000000 1.020951 1.000000 1.000000 1.000000 1.021178 1.023792 1.012206 1.012167 1.024941 1.053417 1.056235 1.052368 1.024738 1.022097 1.013016 1.013008 1.013115 1.013223 1.013330 1.013437 1.013543 1.013647 1.013749 1.013849 1.014693 1.014799 1.014881 1.014544 1.014612 1.014687 1.086828 1.000000 1.041704 1.035917 1.000000 1.000000 1.000000
1.013710 1.010634 1.030458 1.000000 1.000000 1.023106 2.181580 -9999.000000 1.057035 1.000000 1.000000 1.000000 1.000000 1.000000 1.000000 1.000000 1.000000 1.000000 1.000000 1.000000 1.000000 1.023041 1.022493 1.024221 1.024439 1.022610 1.012164 1.012145 1.012250 1.012359 1.012469 1.012581 1.012694 1.012807 1.012922 1.013037 1.059420 1.024404 1.023099 1.013623 1.013608 1.013717 1.013825 1.013931 1.014344 1.014449 1.014541 1.014630 1.030330 1.115223 1.007046 1.000000 1.000000 1.000000 1.000000 1.000000 1.000000
1.011984 2.016240 1.025771 1.004056 -9999.000000 -9999.000000 1.025922 1.025650 1.023883 1.000000 1.000000 1.048414 1.023696 1.000000 1.027500 1.004014 1.030425 1.050902 1.052068 1.048589 1.023305 1.019963 1.011739 1.011697 1.011798 1.011904 1.012013 1.012124 1.012237 1.012352 1.012469 1.012588 1.012708 1.012828 1.012950 1.030782 1.029046 1.032280 1.030144 1.023476 1.013809 1.013795 1.013909 1.014021 1.014434 1.014544 1.014642 1.087475 1.000000 1.045359 1.000000 1.000000 1.000000 1.000000 1.000000 1.046900 1.091355
-9999.000000 -9999.000000 -9999.000000 1.000000 1.000000 1.000000 1.000000 1.000000 1.000000 1.000000 1.026122 1.027415 1.000000 1.000000 1.000000 1.060119 1.026511 1.060921 1.000000 1.000000 1.020341 1.011597 1.011595 1.011653 1.011762 1.011874 1.011990 1.012107 1.012227 1.012349 1.012473 1.023945 1.061366 1.065612 1.091121 1.000000 1.000000 1.000000 1.000000 1.027212 1.013935 1.013879 1.013999 1.014118 1.014531 1.033186 1.062648 1.076764 1.051331 1.045949 1.032717 1.000000 1.000000 1.085709 1.042193 1.040631 1.041189
1.000000 1.000000 1.000000 1.000000 1.000000 1.000000 1.000000 1.000000 1.000000 1.000000 1.029424 1.061091 1.000000 1.026127 1.000000 1.000000 1.046665 1.000000 1.000000 1.021383 1.019584 1.011534 1.011547 1.000132 1.000002 1.000000 1.000000 1.001920 1.004583 1.002167 1.034174 1.000000 1.000000 1.000000 1.037409 1.030274 1.000000 1.000000 1.038187 1.031753 1.023972 1.014105 1.014098 1.024687 1.065284 1.000000 1.000000 1.000000 1.000000 1.049154 1.000000 1.000000 1.000000 1.000000 1.039160 1.038947 1.086579
2.444749 1.723532 1.000000 1.000000 1.026345 1.030786 1.000000 1.000000 1.027470 1.000000 1.027398 1.026396 1.024404 1.050221 1.048876 1.021077 1.000000 1.000000 1.000040 1.000002 1.000001 1.000000 1.000000 1.000000 1.000000 1.000000 1.004772 1.000000 1.000000 1.006245 1.000000 1.006835 1.003331 1.000000 1.011823 1.000000 1.000000 1.000000 1.008504 1.004083 1.003810 1.003583 1.012006 1.000000 1.000000 1.004238 1.005726 1.006381 1.000000 1.000000 1.000000 1.000000 1.053879 1.000000 1.000000 1.000000 1.000000
1.004595 1.000000 1.271479 1.160032 1.115913 1.083781 1.066457 1.058245 1.056340 1.053343 1.026059 1.023136 1.018358 1.020384 1.022747 1.024784 1.025003 1.022122 1.000000 1.000000 1.000000 1.000000 1.000000 1.000000 1.000000 1.003652 1.002659 1.002809 1.002840 1.002802 1.002473 1.000000 1.000000 1.000000 1.000198 1.006549 1.000000 1.000000 1.000000 1.000000 1.008038 1.000000 1.000000 1.000000 1.000000 1.000000 1.011129 1.006468 1.000000 1.000000 1.000000 1.005983 1.000000 1.012717 1.000000 1.000000 1.043422
1.000000 1.000000 1.000000 1.000000 1.000000 1.000000 1.000000 1.000000 1.000000 1.000000 1.001020 1.000001 1.000000 1.000000 1.000000 1.000000 1.000000 1.000000 1.000000 1.000000 1.000000 1.000263 1.000065 1.000016 1.002585 1.005627 1.000155 1.000154 1.000000 1.000000 1.006384 1.000000 1.000000 1.003338 1.000000 1.000000 1.000000 1.000000 1.003856 1.000000 1.000000 1.008920 1.005032 1.009446 1.000000 1.006413 1.013980 1.012282 1.000000 1.004585 1.000000 1.000000 1.006843 1.006154 1.049022 1.000000 1.000000
1.000000 1.000000 1.000000 1.000000 1.000000 1.000000 1.000000 1.000000 1.000000 1.002342 1.001067 1.000001 1.000000 1.000000 1.000000 1.000000 1.000000 1.000000 1.000000 1.000000 1.000000 1.001059 1.000114 1.000000 1.002504 1.000000 1.002428 1.000000 1.002345 1.000000 1.009648 1.006805 1.000000 1.003213 1.000000 1.003475 1.003773 1.000000 1.004048 1.004597 1.007853 1.000000 1.009868 1.005702 1.007387 1.000000 1.006601 1.000000 1.000000 1.000000 1.007442 1.013066 1.006082 1.012049 1.000000 1.000000 1.000000
1.000000 1.000000 1.000000 1.000032 1.000000 1.000000 1.000000 1.000000 1.000000 1.000000 1.001148 1.001315 1.000066 1.000067 1.000000 1.000000 1.000000 1.000000 1.000000 1.000000 1.000000 1.006322 1.000000 1.000113 1.000000 1.000000 1.000000 1.000000 1.000000 1.003163 1.000000 1.003642 1.000000 1.000000 1.000000 1.007248 1.008051 1.003655 1.000000 1.008798 1.000000 1.005003 1.010077 1.013130 1.000494 1.000000 1.000000 1.000000 1.013184 1.019275 1.000000 1.000000 1.005565 1.005425 1.052837 1.000000 1.034253
1.000000 1.000000 1.001702 1.000000 1.000000 1.000000 1.000000 1.000000 1.000000 1.001289 1.002499 1.002779 1.001393 1.001391 1.001325 1.000000 1.000000 1.000000 1.000000 1.000000 1.000000 1.017171 1.004063 1.002034 1.000000 1.000000 1.000000 1.000000 1.000000 1.003226 1.000000 1.000000 1.006239 1.000000 1.000000 1.003771 1.000000 1.000000 1.004315 1.014428 1.000419 1.000000 1.006124 1.007345 1.000000 1.000000 1.000000 1.000000 1.000000 1.000000 1.005935 1.005275 1.000390 1.005513 1.014199 1.000000 1.088455
1.000000 1.000000 1.000020 1.000817 1.000031 1.000000 1.000000 1.000000 1.000000 1.002129 1.001197 1.000054 1.000000 1.001312 1.000000 1.000000 1.000000 1.000068 1.000000 1.000000 1.123229 1.000000 1.000000 1.000000 1.000000 1.001886 1.004288 1.004814 1.003226 1.003008 1.000000 1.000000 1.000000 1.000000 1.000000 1.000000 1.000000 1.000000 1.000000 1.000311 1.005491 1.000000 1.006061 1.006485 1.012308 1.000000 1.000000 1.000529 1.008061 1.007490 1.011521 1.011247 1.011869 1.000231 1.006078 1.000844 1.000000
1.000000 1.001107 1.000000 1.000021 1.000616 1.000976 1.000000 1.000000 1.000000 1.000075 1.000045 1.000000 1.001049 1.000000 1.000050 1.002702 1.001460 1.000000 1.000000 1.192252 1.388371 1.002402 1.005875 1.000000 1.000000 1.002135 1.000000 1.005407 1.003471 1.000000 1.000000 1.000000 1.003068 1.003270 1.012422 1.008278 1.011535 1.000000 1.009124 1.000000 1.006342 1.000405 1.000000 1.000000 1.000000 1.000000 1.006337 1.021649 1.019167 1.000000 1.006124 1.000000 1.000000 1.000468 1.000425 1.006715 1.059518
1.000000 1.000620 1.000000 1.000000 1.000000 1.000000 1.000000 1.000000 1.001116 1.000000 1.000844 1.000000 1.000000 1.000000 1.000000 1.000000 1.000000 1.000000 1.000000 1.776218 2.563942 1.000000 1.000000 1.017653 1.000000 1.004251 1.000000 1.000000 1.000000 1.003394 1.000000 1.000000 1.003436 1.000000 1.000000 1.000000 1.000000 1.008263 1.041397 1.006096 1.000000 1.000000 1.000000 1.000000 1.000000 1.000000 1.000000 1.000000 1.000000 1.000000 1.000000 1.000000 1.000000 1.000000 1.006417 1.006128 1.005319
1.000015 1.000000 1.000000 1.001326 1.001280 1.001186 1.001229 1.002718 1.000000 1.000000 1.000000 1.000000 1.000000 1.000000 1.000000 1.001231 1.004370 1.001324 1.000000 1.904056 2.492394 1.714429 1.002363 1.002539 1.113980 1.028940 1.000000 1.000000 1.000000 1.000000 1.000000 1.000000 1.000000 1.000000 1.000000 1.004359 1.000000 1.005088 1.046441 1.000406 1.005107 1.000000 1.000000 1.000000 1.007175 1.000000 1.008191 1.007313 1.000000 1.005611 1.000000 1.000000 1.022419 1.013919 1.006343 1.005455 1.039836
1.000000 1.000000 1.000000 1.000015 1.000000 1.000652 1.001269 1.001426 1.000881 1.000000 1.000000 1.001753 1.002102 1.000000 1.000000 1.001346 1.001429 1.000000 1.000000 2.477264 1.000000 1.000000 1.000000 1.000000 1.406480 1.047695 1.096613 1.005074 1.005348 1.003150 1.003584 1.003994 1.000000 1.003638 1.000000 1.014326 1.014166 1.045789 1.006557 1.000376 1.000000 1.004719 1.004944 1.012832 1.000000 1.008341 1.006766 1.005860 1.016669 1.000000 1.000000 1.005803 1.000000 1.000000 1.006887 1.009019 1.000000
1.000418 1.000000 1.000000 1.000000 1.000601 1.000528 1.000000 1.001364 1.000000 1.000000 1.000000 1.000936 1.001022 1.001173 1.000000 1.000000 1.000000 1.000000 1.000000 2.264145 2.960492 1.680403 1.000000 1.000000 1.344464 1.185897 1.145644 1.396486 1.000000 1.000000 1.005465 1.002393 1.006655 1.002972 1.008280 1.000208 1.039342 1.091659 1.005875 1.000000 1.000000 1.000000 1.000000 1.000000 1.014873 1.006767 1.005289 1.002886 1.002962 1.006271 1.000000 1.000000 1.517241 1.271150 1.143851 1.079886 1.047947
1.000402 1.000000 1.000000 1.000000 1.000000 1.000000 1.000000 1.001188 1.001378 1.000668 1.000000 1.000792 1.001819 1.001215 1.000000 1.000000 1.000000 1.000000 2.888600 1.837011 2.511475 2.371050 1.000000 1.000000 1.000000 1.377519 1.570254 2.262576 1.528843 1.000000 1.001251 1.001335 1.001420 1.037093 1.000000 1.000000 1.000500 1.051239 1.000000 1.000000 1.000000 1.000000 1.000000 1.000517 1.000000 1.006425 1.002888 1.002969 1.003057 1.003141 1.013496 2.373138 1.000000 1.000000 1.008808 1.000000 1.000000
1.000000 1.000000 1.000402 1.000000 1.000000 1.000000 1.000000 1.000989 1.001294 1.000193 1.000000 1.003533 1.000838 1.001156 1.000000 1.000000 1.000000 1.000000 3.163188 1.845180 1.423270 1.000000 2.746838 1.000000 1.000000 2.082454 1.000000 3.147883 1.000000 1.000000 1.252617 1.317044 1.262633 1.004466 1.000000 1.054350 1.000000 1.005547 1.000000 1.050238 1.042413 1.051977 1.054535 1.103372 1.008508 1.005537 1.002973 1.003062 1.003155 1.003244 2.849074 2.333331 1.000000 1.000000 1.023656 1.000000 1.000000
1.000000 1.000000 1.000008 1.000445 1.000768 1.000780 1.000729 1.000000 1.000473 1.000000 1.001099 1.000000 1.006217 1.000975 1.001200 1.000000 1.000000 1.000000 4.046829 3.275630 1.390231 1.000000 1.000000 1.000000 1.000000 1.000000 1.356162 1.432934 2.635858 2.793757 2.698851 2.040308 1.000000 1.010373 1.005955 1.000000 1.000000 1.005400 1.000000 1.000000 1.007837 1.006567 1.007225 1.043970 1.000000 1.035670 1.017760 1.017691 1.500307 2.920733 1.500356 1.872164 1.000000 1.000000 1.000000 1.000000 1.000000
1.000000 1.000000 1.000509 1.000212 1.000233 1.000541 1.000000 1.000373 1.000383 1.000014 1.000000 1.000000 1.000000 1.021586 1.001011 1.001103 1.000000 1.336789 1.000000 2.006236 1.000000 1.000000 1.000000 1.000000 1.000000 1.000000 1.000000 2.319425 1.924053 1.000000 1.000000 1.216423 1.000402 1.000000 1.006639 1.000000 1.000000 1.005485 1.000000 1.038880 1.000000 1.000000 1.000000 1.000000 1.000000 1.037189 1.017990 1.017908 1.808945 1.018836 1.019039 1.019223 1.000000 1.008088 1.009169 1.017204 1.008356
1.000000 1.000000 1.000174 1.000184 1.000465 1.000603 1.000000 1.000000 1.000882 1.000000 1.000475 1.000000 1.000000 1.003865 1.105003 1.157393 1.636882 1.000000 1.000000 1.000000 1.000000 1.000000 1.863641 1.311468 1.000000 1.000000 1.000000 1.374236 1.425669 1.466892 1.000000 1.686911 1.000000 1.000000 1.005922 1.006032 1.000000 1.006676 1.000000 1.041979 1.000000 1.000000 1.000000 1.098929 2.310374 2.658238 1.846656 1.803692 1.018853 1.018725 1.018930 1.019116 1.000000 1.500000 1.750000 1.875000 1.937500
