ASCII/pow_all_2.txt
ncols         489
nrows         533
xllcorner     593175.11526712
yllcorner     2721796.0885475
cellsize      29.615804956512
NODATA_value  -9999
[rows 450 to 474 of 533, columns 114 to 170 of 489]
1.007356 1.000000 1.000000 1.000000 1.048467 1.074001 1.058311 1.000000 1.000000 1.000000 1.049511 1.073007 1.008924 1.000000 1.007988 1.000000 1.026188 1.024457 1.000000 1.001845 1.018826 1.010241 1.008977 1.000000 1.008965 1.009137 1.009180 1.000000 1.000000 1.014349 1.127109 1.054793 1.127881 1.051993 1.000000 1.000000 1.000000 1.000000 2.522276 1.000000 1.000000 1.000000 1.000000 1.000000 1.011239 1.012939 1.031509 1.024049 1.011759 1.000000 1.000000 1.000000 1.000000 1.000000 1.000000 1.000000 1.185237
1.000000 1.000000 1.000000 1.000000 1.000000 1.000000 1.011747 1.000000 1.000000 1.047053 1.064379 1.051881 1.017768 1.000994 1.000000 1.000000 1.000000 1.000000 1.000000 1.017420 1.017160 1.008889 1.000000 1.000000 1.000000 1.000000 1.000000 1.000000 1.000000 1.014909 1.000000 1.144158 1.065858 1.000000 1.000000 1.000000 1.001489 1.054953 2.769674 1.010500 1.000000 1.000000 1.000000 1.000000 1.010888 1.000000 1.039191 1.023119 1.000000 1.000000 1.011809 1.000000 1.073588 1.074266 1.000000 1.000000 1.000000
1.000000 1.000000 1.050436 1.092935 1.104039 1.047706 1.000000 1.000000 1.000000 1.047393 1.000000 1.110345 1.000000 1.000000 1.014602 1.000000 1.000000 1.000000 1.000000 1.000000 1.009181 1.008753 1.001177 1.000000 1.000000 1.000000 1.000000 1.000000 1.001264 1.021953 1.123640 1.063149 1.000000 1.009439 1.000000 1.120889 1.000000 1.000000 1.890355 1.000000 1.000000 1.010687 1.000000 1.001561 1.000000 1.010486 1.000000 1.014714 1.000000 1.011659 1.025047 1.013534 1.000000 1.063267 1.148310 1.056968 1.000000
1.000000 1.000000 1.045614 1.047585 1.006386 1.000000 1.006152 1.000000 1.000000 1.006851 1.007015 1.007155 1.059110 1.000000 1.000000 1.000908 1.000937 1.008744 1.007746 1.000053 1.010063 1.000000 1.000000 1.008885 1.010174 1.000000 1.000000 1.001215 1.001275 1.043565 1.000000 1.000000 1.000000 1.000000 1.000000 1.000000 1.016366 1.025146 1.461499 1.239778 1.131591 1.065001 1.012189 1.010693 1.000000 1.000000 1.000000 1.000000 1.025871 1.000000 1.011545 1.000000 1.014082 1.000000 1.000000 1.000000 1.000000
1.000000 1.000600 1.013870 1.014349 1.006133 1.000000 1.000000 1.000000 1.000000 1.000000 1.000000 1.111680 1.000000 1.000000 1.000000 1.000000 1.000804 1.000000 1.000000 1.000000 1.000000 1.000037 1.000014 1.008857 1.009093 1.009172 1.009220 1.000000 1.001246 1.028313 1.000000 1.000000 1.000000 1.000000 1.000000 1.020836 1.000000 1.000000 1.020338 1.031183 1.000000 1.000000 1.055036 1.031821 1.027399 1.012615 1.025216 1.144191 1.066195 1.039776 1.047953 1.001673 1.000000 1.000000 1.000000 1.000000 1.000000
1.005505 1.000000 1.011807 1.000000 1.000000 1.000000 1.000000 1.007189 1.000000 1.007492 1.000000 1.057645 1.000000 1.000000 1.000000 1.000000 1.000000 1.000000 1.000000 1.000000 1.000000 1.000000 1.000000 -9999.000000 -9999.000000 -9999.000000 1.009069 1.009073 1.000000 1.008999 1.000000 1.009233 1.018431 1.009532 1.000000 1.000000 1.019976 1.010514 1.000000 1.000000 1.011141 1.000000 1.000000 1.023298 1.000000 1.000000 1.001436 1.221834 1.314362 1.162380 1.085989 1.055102 1.011131 1.024425 1.001679 1.000000 1.000000
1.010951 1.005992 1.000000 1.000000 1.000000 1.000000 1.006261 1.012635 1.006524 1.006555 1.000000 1.015051 1.006533 1.007467 1.000000 1.000000 1.000000 1.000000 1.000000 1.000000 1.000000 1.000000 -9999.000000 -9999.000000 -9999.000000 1.000000 1.000000 1.009391 1.001134 1.010972 1.008633 1.000000 1.000000 1.001253 1.010592 1.000000 1.017759 1.000000 1.000000 1.000000 1.000000 1.000000 1.000000 1.000000 1.011557 1.010268 1.587367 1.000000 1.617996 1.000000 1.010159 1.009256 1.818418 1.022318 1.000000 1.011373 1.023890
1.009857 1.010690 1.005859 1.000000 1.000000 1.000000 1.006683 1.000000 1.000000 1.006201 1.000000 1.012675 1.006392 1.006617 1.006703 1.006779 1.000000 1.000000 1.000000 1.000000 1.000000 1.059077 -9999.000000 -9999.000000 -9999.000000 -9999.000000 1.000000 1.008217 1.017976 1.018171 1.000000 1.000000 1.000000 1.037426 1.000000 1.000000 1.000000 1.000000 1.008011 1.010813 1.000000 1.000000 1.000000 1.009814 1.009700 1.009871 1.000000 1.439906 1.446292 2.283238 1.657434 1.921060 1.000000 1.310739 1.000000 1.012756 1.000000
1.000000 1.000000 1.016148 1.000000 1.000000 1.000000 1.000000 1.000592 1.006199 1.000000 1.000653 1.588317 1.005968 1.006200 1.006463 1.006639 1.000000 -9999.000000 -9999.000000 1.000000 1.000000 1.000000 1.000000 1.000000 1.000000 1.000000 1.000000 -9999.000000 1.008376 1.016590 1.000000 1.000000 1.007227 1.000000 1.001165 1.018043 1.000000 1.000000 1.000000 1.019919 1.020932 1.010866 1.000000 1.000000 1.000000 1.000000 1.010898 1.009721 1.000000 1.011286 1.000000 1.001345 1.000000 2.177893 1.616773 1.000000 1.012025
1.000000 1.000000 1.004933 1.000000 1.005076 1.422262 1.000000 1.000000 1.997482 1.575683 1.000000 1.296949 1.005265 1.038454 1.048857 -9999.000000 1.043704 1.047293 1.058021 1.000000 1.000000 1.000000 1.000000 1.000000 1.000000 1.000000 1.000000 1.000000 1.025130 1.008052 1.000000 1.000000 1.000000 1.000000 1.016279 1.026381 1.000000 1.000000 1.009670 1.018052 1.019296 1.009416 1.000000 1.000000 1.000000 1.000000 1.010136 1.000000 1.000000 1.000000 1.000000 1.000000 1.000000 1.599066 1.309708 1.380038 1.205137
1.000446 1.005194 1.005135 1.000000 1.000000 1.214148 1.575000 1.000000 2.511832 1.000000 2.216911 1.151112 1.005095 1.049883 -9999.000000 1.039915 1.040374 1.045456 1.044954 1.000000 1.046324 1.046740 1.047288 1.000000 1.000000 1.000000 1.059974 1.072540 1.010448 -9999.000000 1.000000 1.008898 1.000000 1.000000 1.000000 1.000000 1.001076 1.000000 1.000000 1.016454 1.028482 1.000000 1.000000 1.019937 1.008931 1.000000 1.000000 1.000000 1.000000 1.000000 1.000000 1.000000 1.443858 1.000000 1.009728 1.008747 1.008801
2.001809 1.500755 1.257279 1.000000 1.009657 1.330156 1.000000 1.000000 1.000000 2.125985 2.170480 1.078019 -9999.000000 1.047143 1.091067 1.100714 1.045732 1.098638 1.045157 1.055677 1.000000 1.000000 1.061549 1.000451 1.000000 1.047760 1.000000 1.012684 1.000906 -9999.000000 1.015725 1.009085 1.000000 1.007778 1.000000 1.000000 1.010114 1.026002 1.000000 1.000000 1.000000 1.011315 1.000000 1.018667 1.008822 1.000000 1.000000 1.000000 1.000000 1.010970 1.011125 1.613336 2.714052 2.435436 1.726862 1.367396 1.198468
1.004103 1.007792 1.004045 1.097676 1.055798 1.164654 1.000000 1.004759 1.004893 2.118151 2.129855 1.048200 1.053867 1.010814 1.000000 1.000000 1.065478 1.000000 1.089168 1.090250 1.100663 1.101335 1.000000 1.011545 1.000000 1.000000 1.000000 1.000000 1.000000 1.008563 -9999.000000 1.000000 1.016847 1.008776 1.000000 1.000000 1.000000 1.015985 1.009272 1.000000 1.017918 1.000000 1.000000 1.017862 1.000000 1.000000 1.000000 1.019775 1.000000 1.000000 1.000000 1.000000 1.000000 1.009049 1.008266 1.018373 1.009208
1.000000 1.000000 1.000000 1.003988 1.000000 1.105912 1.004457 1.004624 1.004682 2.095313 2.083974 1.005023 1.000000 1.010728 1.000000 1.000000 1.000000 1.054829 1.000000 1.047591 1.000000 1.096058 1.046345 1.000000 1.000000 1.000000 1.000000 1.059477 1.009583 1.015030 1.000000 1.262188 1.500458 -9999.000000 -9999.000000 -9999.000000 -9999.000000 1.000000 1.000000 1.026183 1.000000 1.000000 1.009719 1.000000 1.000000 1.008838 1.000000 1.008489 1.019500 1.000000 1.019770 1.018709 1.009075 1.008700 1.018413 1.000000 1.010165
1.003568 1.000000 1.000000 1.000000 1.000000 1.056695 1.003877 1.003968 1.004059 1.961497 1.006610 1.059391 1.041712 1.000000 1.000000 1.000000 1.041876 1.000000 1.000000 1.099077 1.043575 1.147244 1.046143 1.000000 1.000000 1.000000 1.055262 1.000000 1.006997 1.021524 2.074748 1.000000 1.993610 1.007214 1.000000 1.000000 1.000000 -9999.000000 1.000000 1.007981 1.000000 1.009333 1.000000 1.009770 1.001128 1.000000 1.000000 1.000000 1.008620 1.002301 1.018393 1.017776 1.017699 1.017650 1.018818 1.000000 1.008894
1.007095 1.003687 1.011615 1.011330 1.003739 1.003632 1.025834 1.003812 1.404175 1.081128 1.039186 1.039651 1.041289 1.000000 1.000000 1.000000 1.000000 1.000000 1.043567 1.000000 1.000000 1.000000 1.047209 1.057157 1.000000 1.000000 1.000000 1.000000 1.007484 1.006973 2.095471 1.000000 1.000000 1.000000 1.000000 1.000000 2.002232 1.000000 -9999.000000 1.007871 1.008006 1.008987 1.000000 1.008292 1.017666 1.000000 1.008219 1.000000 1.027187 1.000000 1.000000 1.009319 1.008134 1.000000 1.000000 1.001091 1.009700
1.003157 1.000000 1.000289 1.003893 1.889078 2.048524 1.784117 1.564169 1.000000 1.000000 1.000000 1.000000 1.000000 1.000000 1.000000 1.000000 1.000000 1.000000 1.000000 1.000000 1.000000 1.000000 1.000000 1.000000 1.000703 1.000000 1.000000 1.007071 1.000000 1.007294 1.014005 2.007556 1.000000 1.000000 1.000000 2.018494 2.021360 1.518011 1.258823 1.140514 1.007600 1.007832 1.007737 1.008018 1.008088 1.000000 1.008441 1.015349 1.007706 1.000000 1.000000 1.007689 1.000000 1.000000 1.017535 1.009531 1.000000
1.000000 1.000000 1.000000 1.003616 1.578250 1.000000 1.472519 1.000000 1.192375 1.039178 1.000000 1.000000 1.000000 1.000000 1.000000 1.000000 1.000000 1.000000 1.000000 1.000000 1.099228 1.090187 1.104850 1.000000 1.045102 1.006191 1.000000 1.000000 1.000000 1.000000 1.000000 1.000000 1.379704 1.778653 1.000000 1.000000 1.006672 1.006087 1.006174 1.006264 1.061030 1.007466 1.007641 1.007655 1.007386 1.014310 1.000000 1.000000 1.000000 1.000000 1.000000 1.001003 1.000000 1.017819 1.000000 1.008132 1.008159
1.000000 1.000000 1.000000 1.000000 1.000000 1.000000 1.000000 1.000000 1.038921 1.160490 1.000000 1.000000 1.000000 1.000000 1.000000 1.000000 1.000000 1.000000 1.000000 1.054641 1.045653 1.043330 1.037764 1.052769 1.014617 1.017577 1.000000 1.006745 1.000000 1.000000 1.000000 1.000000 1.000000 1.000000 1.303211 1.151213 1.078768 1.042119 1.024094 1.015127 -9999.000000 1.025050 1.006619 1.006702 1.014666 1.007398 1.014612 1.015416 1.000000 1.000000 1.032225 1.000000 1.000000 1.000000 1.000000 1.000000 1.000000
1.022380 1.000000 1.000000 1.000000 1.000000 1.000000 1.000000 1.000000 1.038593 1.125838 1.000000 1.000000 1.000000 1.000000 1.000000 1.000000 1.000000 1.000000 1.000000 1.042962 1.087943 1.087314 1.086061 1.049025 1.011848 1.005159 1.000606 1.000623 1.012346 1.000000 1.012923 1.012152 1.000000 1.024842 1.024089 1.018415 1.009308 1.007724 1.006550 1.014267 1.000000 -9999.000000 1.014490 1.014407 1.014342 1.000000 1.000000 1.000000 1.000000 1.000000 1.000000 1.000000 1.000000 1.000000 1.000000 1.000000 1.000000
1.033776 1.026585 1.006465 1.000000 1.987565 1.000000 1.000000 1.008813 1.078160 1.040123 1.060978 1.000000 1.000000 1.000000 1.000000 1.000000 1.000000 1.000000 1.000000 1.000000 1.041059 1.041190 1.040758 1.000000 1.000000 1.000000 1.000000 1.006055 1.005582 1.000645 1.011670 1.005776 1.082928 1.000664 1.000000 1.000000 1.006794 1.012402 1.018917 1.000000 1.000000 1.000000 1.011056 1.000000 1.000000 1.006698 1.000000 1.000000 1.000000 1.000000 1.000000 1.014802 1.000000 1.059768 1.048825 1.000000 1.000000
1.039997 1.039941 1.011745 1.000000 1.000000 1.379138 1.046416 1.000000 1.069879 1.037892 1.000000 1.014643 1.000000 1.000000 1.000000 1.000000 1.000000 1.000000 1.000000 1.000000 1.000000 1.000000 1.000000 1.000000 1.000000 1.000000 1.000000 1.005203 1.005365 1.006012 1.000554 1.183612 1.011967 1.000000 1.000000 1.000599 1.006414 1.000000 1.006578 1.000000 1.000000 1.000772 1.017230 1.000000 1.000000 1.000000 1.000000 1.000000 1.000838 1.008009 1.000000 1.000000 1.008349 1.098275 1.049428 1.047206 1.000000
1.034219 1.034322 1.035068 1.039143 1.072940 1.046142 1.257732 1.000000 1.000000 1.000000 1.044286 1.011354 1.003717 1.007643 1.000000 1.000000 1.000000 1.000000 1.000000 1.000000 1.000000 1.000000 1.000000 1.000000 1.010278 1.005118 1.000000 1.000000 1.005076 1.010995 1.000000 1.348518 1.000000 1.000000 1.000000 1.000000 1.000000 1.000000 1.000000 1.000653 1.007569 -9999.000000 1.592606 1.000000 1.007486 1.000000 1.000000 1.000798 1.014722 1.007248 1.014852 1.000000 1.000000 1.057462 1.007174 1.000000 1.000000
1.000000 1.000000 1.007851 1.007768 1.078107 1.000000 1.079644 1.099441 1.061235 1.048995 1.080558 1.049335 1.000000 1.000000 1.000368 1.000000 1.003919 1.003982 1.000000 1.004682 1.004739 1.000000 1.000000 1.004875 1.004594 1.020023 1.000000 1.000000 1.000000 1.000000 1.000000 1.692876 1.000000 1.005287 1.000000 1.000000 1.011355 1.011232 1.011472 1.000000 1.000636 1.000000 -9999.000000 1.641858 1.000000 1.006619 1.006677 1.000000 1.006921 1.006900 1.013566 1.000000 1.014855 1.000000 1.000000 1.000872 1.000000
1.040885 1.041942 1.000000 1.000000 1.000000 1.000000 1.007954 1.000000 1.043182 1.034837 1.073907 1.037215 1.037653 1.000000 1.000000 1.003826 1.003956 1.004048 1.004106 1.004193 1.004219 1.004255 1.000000 1.000000 1.004274 1.000000 1.000472 1.000000 1.000500 1.000000 2.835760 1.000000 1.015734 1.005372 1.005270 1.005336 1.000000 1.000000 1.000585 1.006154 1.000000 1.005883 1.000641 -9999.000000 1.651264 1.006356 1.006435 1.006428 1.006393 1.536280 1.590102 1.000000 1.000000 1.008247 1.007489 1.000000 1.007037
