ASCII/pow_all_2.txt
ncols         489
nrows         533
xllcorner     593175.11526712
yllcorner     2721796.0885475
cellsize      29.615804956512
NODATA_value  -9999
[rows 25 to 49 of 533, columns 171 to 227 of 489]
1.000000 1.000000 1.000077 1.000093 1.000107 1.003525 1.000428 1.000301 1.000008 1.000000 1.000000 1.000000 1.000000 1.000000 1.000000 1.052650 1.062634 1.157365 1.119807 1.000000 1.000138 1.000129 1.001768 1.001681 1.001434 1.000083 1.001127 1.000061 1.000000 1.000000 1.000000 -9999.000000 -9999.000000 -9999.000000 -9999.000000 -9999.000000 -9999.000000 -9999.000000 -9999.000000 -9999.000000 -9999.000000 -9999.000000 -9999.000000 -9999.000000 -9999.000000 -9999.000000 -9999.000000 -9999.000000 -9999.000000 -9999.000000 -9999.000000 -9999.000000 -9999.000000 -9999.000000 -9999.000000 -9999.000000 -9999.000000
1.000000 1.000000 1.000000 1.000098 1.000115 1.000130 1.000318 1.000343 1.000011 1.000000 1.049914 1.048645 1.000000 1.013242 1.014013 1.000000 1.148141 1.090946 1.000000 1.002059 1.000000 1.000000 1.003926 1.000120 1.001553 1.000000 1.000000 1.000000 1.000059 1.000000 1.000000 -9999.000000 -9999.000000 -9999.000000 -9999.000000 -9999.000000 -9999.000000 -9999.000000 -9999.000000 -9999.000000 -9999.000000 -9999.000000 -9999.000000 -9999.000000 -9999.000000 -9999.000000 -9999.000000 -9999.000000 -9999.000000 -9999.000000 -9999.000000 -9999.000000 -9999.000000 -9999.000000 -9999.000000 -9999.000000 -9999.000000
1.000000 1.000000 1.000000 1.000000 1.000000 1.000138 1.002194 1.000300 1.000000 1.000381 1.054079 1.054201 1.000000 1.014254 1.014661 1.104211 1.228876 1.091821 1.000000 1.000000 1.002106 1.000000 1.000000 1.000000 1.001663 1.001504 1.001365 1.000000 1.000000 1.000987 1.000000 -9999.000000 -9999.000000 -9999.000000 -9999.000000 -9999.000000 -9999.000000 -9999.000000 -9999.000000 -9999.000000 -9999.000000 -9999.000000 -9999.000000 -9999.000000 -9999.000000 -9999.000000 -9999.000000 -9999.000000 -9999.000000 -9999.000000 -9999.000000 -9999.000000 -9999.000000 -9999.000000 -9999.000000 -9999.000000 -9999.000000
1.001364 1.000000 1.000000 1.000000 1.001824 1.000000 1.000000 1.002412 1.000422 1.000000 1.000000 1.070488 1.053664 1.054246 1.053288 1.096256 1.198845 1.057746 1.083189 1.002514 1.002237 1.002090 1.000000 1.000000 1.001779 1.001738 1.001582 1.001410 1.000069 1.000000 1.000000 -9999.000000 -9999.000000 -9999.000000 -9999.000000 -9999.000000 -9999.000000 -9999.000000 -9999.000000 -9999.000000 -9999.000000 -9999.000000 -9999.000000 -9999.000000 -9999.000000 -9999.000000 -9999.000000 -9999.000000 -9999.000000 -9999.000000 -9999.000000 -9999.000000 -9999.000000 -9999.000000 -9999.000000 -9999.000000 -9999.000000
1.000000 1.001543 1.001667 1.001734 1.001880 1.002042 1.002362 1.007406 1.106534 1.106150 1.107090 1.110705 1.053310 1.173360 1.162794 1.270810 1.000000 1.053535 1.000000 1.002461 1.002322 1.000000 1.000137 1.002162 1.001904 1.000000 1.000104 1.000088 1.000000 1.000000 -9999.000000 -9999.000000 -9999.000000 -9999.000000 -9999.000000 -9999.000000 -9999.000000 -9999.000000 -9999.000000 -9999.000000 -9999.000000 -9999.000000 -9999.000000 -9999.000000 -9999.000000 -9999.000000 -9999.000000 -9999.000000 -9999.000000 -9999.000000 -9999.000000 -9999.000000 -9999.000000 -9999.000000 -9999.000000 -9999.000000 -9999.000000
1.001731 1.001747 1.000000 1.000000 1.000000 1.000000 1.000000 1.000187 1.000201 1.000000 1.000000 1.000000 1.000000 1.000000 1.000000 1.000000 1.172153 1.056964 1.068275 1.000000 1.002395 1.000161 1.002334 1.002129 1.002008 1.000000 1.000000 1.000000 1.000000 -9999.000000 -9999.000000 -9999.000000 -9999.000000 -9999.000000 -9999.000000 -9999.000000 -9999.000000 -9999.000000 -9999.000000 -9999.000000 -9999.000000 -9999.000000 -9999.000000 -9999.000000 -9999.000000 -9999.000000 -9999.000000 -9999.000000 -9999.000000 -9999.000000 -9999.000000 -9999.000000 -9999.000000 -9999.000000 -9999.000000 -9999.000000 -9999.000000
1.001723 1.000000 1.000000 1.000000 1.002123 1.002345 1.002324 1.000000 1.000000 1.053415 1.118119 1.050125 1.049848 1.000000 1.000000 1.000000 1.060273 1.056264 1.053899 1.002824 1.002471 1.002529 1.002471 1.002355 1.002232 1.000254 1.000000 1.000000 -9999.000000 -9999.000000 -9999.000000 -9999.000000 -9999.000000 -9999.000000 -9999.000000 -9999.000000 -9999.000000 -9999.000000 -9999.000000 -9999.000000 -9999.000000 -9999.000000 -9999.000000 -9999.000000 -9999.000000 -9999.000000 -9999.000000 -9999.000000 -9999.000000 -9999.000000 -9999.000000 -9999.000000 -9999.000000 -9999.000000 -9999.000000 -9999.000000 -9999.000000
1.001799 1.000000 1.000000 1.002068 1.002275 1.002434 1.002576 1.002491 1.002827 1.005866 1.114456 1.054408 1.054651 1.052212 1.051387 1.050035 1.051416 1.126891 1.068616 1.002911 1.002779 1.002470 1.000000 1.000165 1.000152 1.000000 1.001737 1.000000 -9999.000000 -9999.000000 -9999.000000 -9999.000000 -9999.000000 -9999.000000 -9999.000000 -9999.000000 -9999.000000 -9999.000000 -9999.000000 -9999.000000 -9999.000000 -9999.000000 -9999.000000 -9999.000000 -9999.000000 -9999.000000 -9999.000000 -9999.000000 -9999.000000 -9999.000000 -9999.000000 -9999.000000 -9999.000000 -9999.000000 -9999.000000 -9999.000000 -9999.000000
1.003720 1.000000 1.000000 1.000000 1.000000 1.000000 1.000000 1.005381 1.000000 1.003119 1.000000 1.138148 1.047630 1.047597 1.047576 1.047471 1.122763 1.000000 1.000000 1.000209 1.000000 1.000000 1.000000 1.000000 1.000000 1.001977 1.001777 1.001553 1.000000 -9999.000000 -9999.000000 -9999.000000 -9999.000000 -9999.000000 -9999.000000 -9999.000000 -9999.000000 -9999.000000 -9999.000000 -9999.000000 -9999.000000 -9999.000000 -9999.000000 -9999.000000 -9999.000000 -9999.000000 -9999.000000 -9999.000000 -9999.000000 -9999.000000 -9999.000000 -9999.000000 -9999.000000 -9999.000000 -9999.000000 -9999.000000 -9999.000000
1.000000 1.001835 1.000000 1.002072 1.002170 1.002497 1.005172 1.000000 1.000000 1.000000 1.000000 1.000000 1.068445 1.047513 1.047528 1.047480 1.115409 1.073215 1.068045 1.000000 1.000000 1.000000 1.005181 1.000000 1.002145 1.001991 1.000000 1.001618 1.000000 -9999.000000 -9999.000000 -9999.000000 -9999.000000 -9999.000000 -9999.000000 -9999.000000 -9999.000000 -9999.000000 -9999.000000 -9999.000000 -9999.000000 -9999.000000 -9999.000000 -9999.000000 -9999.000000 -9999.000000 -9999.000000 -9999.000000 -9999.000000 -9999.000000 -9999.000000 -9999.000000 -9999.000000 -9999.000000 -9999.000000 -9999.000000 -9999.000000
1.000000 1.000000 1.000000 1.000000 1.002334 1.000172 1.000185 1.000195 1.002631 1.002755 1.002894 1.002987 1.057238 1.047573 1.047590 1.123439 1.055421 1.000000 1.000000 1.000000 1.000000 1.002785 1.002499 1.002454 1.000000 1.000000 1.001970 1.001658 1.000000 -9999.000000 -9999.000000 -9999.000000 -9999.000000 -9999.000000 -9999.000000 -9999.000000 -9999.000000 -9999.000000 -9999.000000 -9999.000000 -9999.000000 -9999.000000 -9999.000000 -9999.000000 -9999.000000 -9999.000000 -9999.000000 -9999.000000 -9999.000000 -9999.000000 -9999.000000 -9999.000000 -9999.000000 -9999.000000 -9999.000000 -9999.000000 -9999.000000
1.000000 1.000000 1.000000 1.002095 1.000153 1.000169 1.000000 1.000000 1.002839 1.002781 1.003141 1.003229 1.006354 1.054527 1.047596 1.112438 1.057928 1.054056 1.000000 1.000000 1.053812 1.010349 1.002484 1.000000 1.000152 1.002143 1.001836 1.000000 1.000000 -9999.000000 -9999.000000 -9999.000000 -9999.000000 -9999.000000 -9999.000000 -9999.000000 -9999.000000 -9999.000000 -9999.000000 -9999.000000 -9999.000000 -9999.000000 -9999.000000 -9999.000000 -9999.000000 -9999.000000 -9999.000000 -9999.000000 -9999.000000 -9999.000000 -9999.000000 -9999.000000 -9999.000000 -9999.000000 -9999.000000 -9999.000000 -9999.000000
1.000114 1.000000 1.000000 1.000000 1.000000 1.000000 1.002400 1.005265 1.000000 1.005860 1.000000 1.000241 1.003292 1.000000 1.067169 1.059130 1.002937 1.000000 1.000000 1.000000 1.000000 1.002633 1.000000 1.002470 1.002280 1.001983 1.000000 1.001625 1.001442 1.000000 -9999.000000 -9999.000000 -9999.000000 -9999.000000 -9999.000000 -9999.000000 -9999.000000 -9999.000000 -9999.000000 -9999.000000 -9999.000000 -9999.000000 -9999.000000 -9999.000000 -9999.000000 -9999.000000 -9999.000000 -9999.000000 -9999.000000 -9999.000000 -9999.000000 -9999.000000 -9999.000000 -9999.000000 -9999.000000 -9999.000000 -9999.000000
1.001915 1.001984 1.000000 1.000000 1.002072 1.002252 1.004969 1.002596 1.002666 1.000000 1.000221 1.000229 1.000233 1.000236 1.003302 1.006470 1.000000 1.000000 1.053485 1.000000 1.017277 1.002503 1.005106 1.002277 1.000000 1.000000 1.001917 1.001589 1.000000 1.001204 1.000000 -9999.000000 -9999.000000 -9999.000000 -9999.000000 -9999.000000 -9999.000000 -9999.000000 -9999.000000 -9999.000000 -9999.000000 -9999.000000 -9999.000000 -9999.000000 -9999.000000 -9999.000000 -9999.000000 -9999.000000 -9999.000000 -9999.000000 -9999.000000 -9999.000000 -9999.000000 -9999.000000 -9999.000000 -9999.000000 -9999.000000
1.001915 1.000128 1.000000 1.000000 1.002213 1.002391 1.002570 1.002673 1.000000 1.000000 1.000000 1.000000 1.000000 1.000000 1.000228 1.003230 1.006074 1.002922 1.000000 1.071331 1.003368 1.005202 1.002354 1.002224 1.002194 1.000133 1.001745 1.000000 1.000084 1.000000 1.000000 1.000000 1.001008 -9999.000000 -9999.000000 -9999.000000 -9999.000000 -9999.000000 -9999.000000 -9999.000000 -9999.000000 -9999.000000 -9999.000000 -9999.000000 -9999.000000 -9999.000000 -9999.000000 -9999.000000 -9999.000000 -9999.000000 -9999.000000 -9999.000000 -9999.000000 -9999.000000 -9999.000000 -9999.000000 -9999.000000
1.000109 1.000121 1.000000 1.000000 1.000133 1.002430 1.002555 1.000000 1.000000 1.000000 1.002677 1.002773 1.000000 1.000000 1.000000 1.003073 1.006384 1.002956 1.000228 1.003169 1.002642 1.004889 1.002284 1.000000 1.000000 1.000128 1.000000 1.000098 1.000083 1.000067 1.000000 1.000000 1.000000 1.000909 1.000000 1.000000 -9999.000000 -9999.000000 -9999.000000 -9999.000000 -9999.000000 -9999.000000 -9999.000000 -9999.000000 -9999.000000 -9999.000000 -9999.000000 -9999.000000 -9999.000000 -9999.000000 -9999.000000 -9999.000000 -9999.000000 -9999.000000 -9999.000000 -9999.000000 -9999.000000
1.000000 1.000000 1.000000 1.000000 1.002123 1.000000 1.002463 1.002372 1.000000 1.000000 1.002612 1.002693 1.002946 1.002950 1.000000 1.000000 1.015401 1.014142 1.069834 1.000141 1.002319 1.004641 1.000000 1.002237 1.000138 1.000123 1.000108 1.000000 1.001614 1.000067 1.000053 1.000000 1.000000 1.000000 1.000653 1.000491 1.000000 -9999.000000 -9999.000000 -9999.000000 -9999.000000 -9999.000000 -9999.000000 -9999.000000 -9999.000000 -9999.000000 -9999.000000 -9999.000000 -9999.000000 -9999.000000 -9999.000000 -9999.000000 -9999.000000 -9999.000000 -9999.000000 -9999.000000 -9999.000000
1.000000 1.000000 1.000000 1.000000 1.001881 1.000000 1.002296 1.000000 1.000165 1.002820 1.002725 1.002763 1.002816 1.002833 1.121386 1.110214 1.000000 1.000000 1.000000 1.000804 1.002003 1.002236 1.099570 1.093173 1.001982 1.000117 1.001626 1.000000 1.002800 1.000000 1.002221 1.000000 1.000865 1.000734 1.000602 1.000483 1.000377 1.000000 -9999.000000 -9999.000000 -9999.000000 -9999.000000 -9999.000000 -9999.000000 -9999.000000 -9999.000000 -9999.000000 -9999.000000 -9999.000000 -9999.000000 -9999.000000 -9999.000000 -9999.000000 -9999.000000 -9999.000000 -9999.000000 -9999.000000
1.001669 1.001793 1.001764 1.000119 1.000127 1.000000 1.000000 1.000141 1.000152 1.000164 1.000172 1.000175 1.000179 1.000000 1.000183 1.000180 1.000177 1.052118 1.054399 1.106467 1.075239 1.083053 1.194415 1.091315 1.001748 1.000111 1.000000 1.000082 1.003094 1.029653 1.026317 1.000000 1.000840 1.001230 1.000993 1.000798 1.000000 1.000000 -9999.000000 -9999.000000 -9999.000000 -9999.000000 -9999.000000 -9999.000000 -9999.000000 -9999.000000 -9999.000000 -9999.000000 -9999.000000 -9999.000000 -9999.000000 -9999.000000 -9999.000000 -9999.000000 -9999.000000 -9999.000000 -9999.000000
1.001576 1.001693 1.001794 1.000109 1.000119 1.000000 1.000000 1.000129 1.000140 1.000151 1.000158 1.000000 1.000000 1.002583 1.002388 1.000000 1.000163 1.000000 1.000158 1.000153 1.102886 1.080590 1.198183 1.089778 1.000000 1.097052 1.089960 1.000118 1.084093 1.000000 1.000000 1.000660 1.001370 1.001024 1.000849 1.000000 1.000512 1.000372 1.000146 -9999.000000 -9999.000000 -9999.000000 -9999.000000 -9999.000000 -9999.000000 -9999.000000 -9999.000000 -9999.000000 -9999.000000 -9999.000000 -9999.000000 -9999.000000 -9999.000000 -9999.000000 -9999.000000 -9999.000000 -9999.000000
1.000075 1.000083 1.000091 1.000099 1.000109 1.000000 1.000000 1.000117 1.000127 1.000000 1.000000 1.002236 1.002253 1.000153 1.000000 1.000150 1.000149 1.002351 1.000144 1.000139 1.096743 1.079872 1.196051 1.097165 1.120941 1.000000 1.000000 1.119482 1.000000 1.000000 1.000000 1.000000 1.000000 1.000000 1.000000 1.000000 1.000000 1.000000 1.000000 1.000075 -9999.000000 -9999.000000 -9999.000000 -9999.000000 -9999.000000 -9999.000000 -9999.000000 -9999.000000 -9999.000000 -9999.000000 -9999.000000 -9999.000000 -9999.000000 -9999.000000 -9999.000000 -9999.000000 -9999.000000
1.000000 1.000000 1.000000 1.000000 1.000099 1.000106 1.000000 1.000000 1.000115 1.002116 1.002218 1.004284 1.002146 1.000140 1.004235 1.000000 1.000135 1.000133 1.000128 1.000000 1.000000 1.121254 1.186514 1.000000 1.000000 1.029601 1.032764 1.091078 1.027152 1.000000 1.079590 1.078323 1.000000 1.000000 1.000000 1.000000 1.000000 1.000000 1.000000 1.000000 1.000000 -9999.000000 -9999.000000 -9999.000000 -9999.000000 -9999.000000 -9999.000000 -9999.000000 -9999.000000 -9999.000000 -9999.000000 -9999.000000 -9999.000000 -9999.000000 -9999.000000 -9999.000000 -9999.000000
1.001193 1.001346 1.001443 1.001470 1.000089 1.000095 1.000000 1.000000 1.000102 1.000000 1.000117 1.000121 1.000124 1.000127 1.001986 1.000000 1.000122 1.000000 1.000000 1.001823 1.001804 1.001750 1.185834 1.117795 1.029907 1.029748 1.031810 1.001032 1.000049 1.001814 1.000000 1.006010 1.000020 1.000000 1.000421 1.000008 1.000005 1.000003 1.000000 1.000031 1.000009 1.000000 -9999.000000 -9999.000000 -9999.000000 -9999.000000 -9999.000000 -9999.000000 -9999.000000 -9999.000000 -9999.000000 -9999.000000 -9999.000000 -9999.000000 -9999.000000 -9999.000000 -9999.000000
1.001095 1.000059 1.000066 1.001460 1.000078 1.000082 1.000000 1.000000 1.000087 1.001811 1.000103 1.000107 1.000109 1.000112 1.000113 1.000000 1.000000 1.001779 1.001733 1.001697 1.001665 1.003078 1.085274 1.302803 1.116485 1.029165 1.029196 1.000930 1.000000 1.001029 1.000792 1.001038 1.000587 1.000831 1.000394 1.000316 1.000004 1.000002 1.000001 1.000022 1.000000 1.000000 1.000000 -9999.000000 -9999.000000 -9999.000000 -9999.000000 -9999.000000 -9999.000000 -9999.000000 -9999.000000 -9999.000000 -9999.000000 -9999.000000 -9999.000000 -9999.000000 -9999.000000
1.001047 1.000051 1.000057 1.000062 1.000066 1.000070 1.000000 1.000000 1.000076 1.000082 1.000000 1.000093 1.000094 1.000096 1.000098 1.001826 1.001796 1.003258 1.001619 1.001662 1.001612 1.000078 1.001260 1.002388 1.035224 1.000000 1.115673 1.000000 1.000000 1.000839 1.000761 1.000021 1.000016 1.000000 1.000000 1.000441 1.000118 1.000072 1.000038 1.000014 1.000002 1.000000 1.000000 1.000000 -9999.000000 -9999.000000 -9999.000000 -9999.000000 -9999.000000 -9999.000000 -9999.000000 -9999.000000 -9999.000000 -9999.000000 -9999.000000 -9999.000000 -9999.000000
