ASCII/pow_all_2.txt
ncols         489
nrows         533
xllcorner     593175.11526712
yllcorner     2721796.0885475
cellsize      29.615804956512
NODATA_value  -9999
[rows 450 to 474 of 533, columns 285 to 341 of 489]
-9999.000000 -9999.000000 1.003082 1.000000 1.000000 1.000000 1.018183 1.034929 1.000000 1.000000 1.022970 1.000000 1.033103 1.033670 1.033880 1.033966 1.017046 1.016388 1.015011 1.014943 1.014892 2.996353 1.000000 1.584827 1.000000 1.000000 2.478221 1.014479 1.000000 1.000000 1.015647 1.000000 -9999.000000 -9999.000000 -9999.000000 -9999.000000 -9999.000000 1.000000 1.000000 1.000000 1.000000 1.020197 1.000000 1.014988 1.000000 1.017981 1.015306 1.014689 1.016550 1.031692 1.012863 1.012797 1.012729 1.012665 1.001199 1.001178 1.002713
1.017370 -9999.000000 -9999.000000 -9999.000000 1.017798 1.034760 1.000000 1.020843 1.000000 1.037239 1.016989 1.000000 1.016471 1.016899 1.015267 1.015203 1.015160 1.015114 1.015065 1.015013 1.014959 1.014903 2.180313 2.485528 2.895489 3.808223 1.000000 1.015880 1.000000 1.000000 -9999.000000 -9999.000000 -9999.000000 -9999.000000 1.000000 1.000000 1.000000 1.000000 1.000000 1.000000 2.023291 1.535265 1.283019 1.157035 1.093717 1.046818 1.030401 1.021020 1.034508 1.013842 1.013692 1.013692 1.013622 1.013748 1.001331 1.001303 1.016748
1.020173 1.034939 1.017495 1.536506 -9999.000000 -9999.000000 1.000000 1.017148 1.036853 1.000000 1.000000 1.000000 1.037474 1.034996 1.034558 1.034337 1.017070 1.016309 1.015161 1.015090 1.015032 1.014972 1.014910 1.014846 1.875476 1.000000 1.000000 1.000000 -9999.000000 -9999.000000 -9999.000000 1.000000 1.000000 1.000000 1.000000 2.413877 1.569906 2.427640 1.574734 1.000000 1.584142 1.298482 1.156118 1.084245 1.048746 1.030967 1.022042 1.035680 1.013904 1.014033 1.000000 1.013788 1.014023 1.000000 1.001328 1.001305 1.013691
1.000000 1.000000 1.000000 1.017104 1.015667 -9999.000000 -9999.000000 1.016757 1.035139 1.017149 1.002948 1.000000 1.000000 1.000000 1.000000 1.000000 1.000000 1.016707 1.016338 1.015187 1.015110 1.015046 1.014980 1.017526 1.000000 1.000000 -9999.000000 -9999.000000 -9999.000000 1.000000 1.000000 1.000000 1.000000 2.590177 2.953686 2.543463 4.267442 1.000000 1.000000 1.000000 1.000000 1.000000 1.014661 1.013421 1.013331 1.013256 1.021369 1.014100 1.014162 1.013573 1.000000 1.015027 1.028061 1.000000 1.000000 1.000000 1.013870
1.000000 1.000000 1.000000 1.017339 1.015792 1.015769 -9999.000000 -9999.000000 1.035580 1.017393 1.000000 1.000000 1.000000 1.000000 1.000000 1.000000 1.000000 1.016837 1.016555 1.015276 1.015192 1.015124 1.015055 -9999.000000 -9999.000000 -9999.000000 -9999.000000 1.000000 1.000000 1.000000 1.000000 2.008926 1.000000 1.572388 1.842988 1.921494 1.960747 3.679814 1.000000 1.000000 1.000000 1.000000 1.014720 1.013423 1.013330 1.055392 1.000000 1.016293 1.027509 1.000000 1.015079 1.013876 1.014197 1.000000 1.000000 1.001326 1.015509
1.035275 1.034653 1.017608 1.017489 1.015924 1.015900 1.015894 -9999.000000 1.017447 1.017723 1.000000 1.000000 1.000000 1.003008 1.019923 1.000000 1.002958 1.016960 1.016537 1.015365 1.500232 -9999.000000 -9999.000000 -9999.000000 -9999.000000 1.000000 1.000000 1.015840 2.131425 2.708594 3.004307 5.502056 3.787267 3.958526 3.830302 2.970577 2.521528 2.260764 2.646455 1.844789 1.437872 1.219059 1.116529 1.064339 1.063117 1.013166 1.014039 1.014024 1.013940 1.013784 1.013994 1.016311 1.000000 1.013892 1.000000 1.000000 1.027534
1.017515 1.015603 1.015599 1.015617 1.016027 1.016039 1.016033 1.016019 -9999.000000 1.438506 1.003030 1.000000 1.000000 1.055470 1.018520 1.037537 1.017099 1.016840 1.015535 1.016547 -9999.000000 -9999.000000 -9999.000000 1.000000 1.000000 1.000000 1.571470 1.837752 1.963373 1.981685 4.804125 1.433405 1.000000 1.000000 1.429582 2.004410 2.064467 2.076848 1.552069 1.282960 1.148271 1.080883 1.047148 1.052556 1.013246 1.013162 1.014466 1.000000 1.000000 1.014075 1.029345 1.000000 1.032841 1.000000 1.000000 1.000000 1.000000
1.018178 1.017154 1.015781 1.015778 1.016177 1.016188 1.016180 1.016165 1.500257 -9999.000000 -9999.000000 1.000000 1.000000 1.000000 -9999.000000 -9999.000000 -9999.000000 -9999.000000 -9999.000000 -9999.000000 -9999.000000 1.000000 1.000000 1.585379 1.327011 1.163816 1.089476 1.536826 1.768297 5.178571 1.582434 1.000000 1.000000 1.018735 1.000000 1.002649 1.000279 1.572706 1.301518 1.156961 1.085266 1.049384 1.047115 1.013332 1.013245 1.013159 1.028253 1.000000 1.000000 1.030008 1.012743 1.012663 1.012583 1.015650 1.014096 1.028152 1.027849
1.021980 1.018126 1.017545 1.015974 1.015959 1.016333 1.016336 1.016319 1.016295 1.016264 1.500260 -9999.000000 -9999.000000 -9999.000000 1.000000 1.000000 1.000000 -9999.000000 -9999.000000 -9999.000000 1.000000 1.000000 1.000000 1.000000 1.000000 1.551187 1.775594 1.887797 4.215305 1.574013 1.000000 1.000000 1.000000 1.000000 1.000000 1.000000 1.000000 1.000000 1.000252 1.000210 1.000198 1.029006 1.013426 1.013335 1.013246 1.013157 1.014005 1.000000 1.016156 1.012813 1.012730 1.012648 1.012566 1.012485 1.045363 1.000000 1.013437
1.000000 1.019261 1.018646 1.017585 1.016161 1.016139 1.016489 1.016481 1.016455 1.016421 1.500265 1.750004 1.875000 1.982115 2.607898 1.560047 1.000000 1.000000 1.000000 1.586771 1.000000 1.000000 3.036363 3.180243 2.652147 2.362312 2.181156 4.720402 1.016735 1.033988 1.019313 1.000000 1.000000 1.016032 1.000000 1.000000 1.000269 1.000538 1.000257 1.000227 1.000395 1.000178 1.013432 1.013338 1.013246 1.013155 1.013065 1.026984 1.012889 1.012802 1.012717 1.012633 1.012549 1.012467 1.000065 1.000128 1.000000
1.000000 1.022330 1.000000 1.018081 1.016356 1.016327 1.016663 1.039363 1.018617 1.018075 1.016566 1.016491 1.016433 1.016368 1.016299 2.883709 1.000000 1.408695 2.029468 1.565726 1.000000 1.000000 1.000000 1.563246 1.821832 1.910916 5.435695 1.000000 1.016911 1.036509 1.019272 1.000000 1.000000 1.035105 1.015399 1.000000 1.000000 1.000275 1.000000 1.000449 1.000191 1.000179 1.013438 1.013342 1.013247 1.013151 1.013059 1.012968 1.012878 1.012789 1.012713 1.012631 1.012547 1.012460 1.000068 1.000126 1.000051
1.000000 1.000000 1.038921 1.019257 1.017749 1.016544 1.016512 1.000000 1.000000 1.018237 1.016735 1.016655 1.016592 1.016523 1.016448 1.016367 1.735694 1.220065 1.530362 2.811407 1.000000 1.000000 1.553241 1.836668 1.954573 4.678948 3.335674 1.000000 1.002828 1.000000 1.000000 1.000000 1.000000 1.000000 1.034920 1.000560 1.000000 1.000000 1.000512 1.000221 1.000193 1.000180 1.013445 1.013346 1.013248 1.012981 1.012889 1.012798 1.012708 1.012621 1.013442 1.013720 1.013678 1.013373 1.000067 1.000059 1.000051
1.000000 1.000000 1.041933 1.019352 1.019012 1.018236 1.016740 1.000000 1.000000 1.018362 1.016911 1.058324 1.036599 1.027115 1.021233 1.018822 1.017577 1.402212 2.943952 1.000000 1.000000 1.000000 1.000000 1.551187 4.420484 2.086066 3.400435 1.016572 1.000000 1.000000 1.016193 1.000000 1.000000 1.000000 1.000000 1.003083 1.000000 1.000281 1.000527 1.000236 1.000216 1.000194 1.013464 1.013364 1.013261 1.000135 1.000125 1.000115 1.000106 1.001350 1.001374 1.000000 1.000084 1.000076 1.000133 1.000000 1.000000
1.000000 1.000000 1.000000 1.000000 1.000000 1.018664 1.500311 1.808037 1.411728 1.214933 1.132019 1.000000 1.000000 1.017902 1.016782 1.016672 1.457860 1.000000 2.686666 1.000000 1.000000 1.564134 1.844347 4.690221 1.770105 2.172131 3.506396 1.000000 1.000000 1.000000 1.016603 1.000000 1.000000 1.002780 1.035280 1.000612 1.000000 1.000000 1.000264 1.000240 1.000221 1.000199 1.014463 1.014480 1.014242 1.000135 1.000124 1.000116 1.000115 1.001382 1.001452 1.000000 1.000000 1.000077 1.000069 1.000117 1.000161
1.000000 1.000000 1.000000 1.000000 1.019613 1.019347 1.500327 1.750006 1.392080 1.204819 1.111012 1.065290 1.041922 1.029979 1.022811 2.107164 1.000000 1.725965 1.930964 2.657548 2.939628 2.528723 4.520110 2.071597 1.540209 2.344263 3.731077 1.000000 1.000000 1.996474 1.001055 1.000391 1.000368 1.000000 1.016748 1.000289 1.000000 1.000278 1.000000 1.000000 1.000000 1.000212 1.000195 1.000177 1.000162 1.000135 1.000124 1.001316 1.001388 1.001384 1.000000 1.000000 1.000000 1.000000 1.000068 1.000062 1.000055
1.019351 1.019137 1.000000 1.003582 1.019736 1.019387 1.017414 1.017345 1.500296 1.750005 1.875000 1.937500 1.968750 1.501284 2.437890 2.097500 1.000000 1.000000 1.000000 1.000000 1.000000 3.246319 1.986142 2.070716 1.000000 2.616048 4.215003 1.000000 2.925510 1.000404 1.000388 1.000374 1.000996 1.019269 1.000314 1.000306 1.000000 1.000000 1.000000 1.000008 1.000480 1.000442 1.000193 1.000000 1.000164 1.000134 1.000123 1.001311 1.002822 1.000000 1.000000 1.000000 1.000000 1.000000 1.000000 1.000001 1.000001
1.004119 1.039160 1.044748 1.020556 1.020075 1.019568 1.017734 1.017622 1.500325 1.750016 1.875005 1.937503 1.968751 4.104766 1.000000 2.067534 1.000000 1.555427 1.000000 1.000000 2.110375 1.579244 1.861431 2.068955 1.000000 3.151676 1.968750 5.767944 1.500000 1.000386 1.000363 1.000342 1.000321 1.000332 1.000322 1.000010 1.000271 1.000297 1.000277 1.000255 1.000000 1.000000 1.000000 1.000005 1.000344 1.000146 1.000132 1.000122 1.000113 1.001466 1.002801 1.000080 1.000154 1.000068 1.000061 1.000001 1.000000
1.000000 1.007434 1.000000 1.000000 1.000000 1.019203 1.017888 1.017821 1.500312 1.750005 1.875000 1.937500 4.429224 1.810314 1.000000 1.000000 2.746126 1.000000 1.561496 1.000000 1.000000 1.000000 1.563246 1.000000 2.953713 1.937500 1.937500 1.937500 3.502369 1.000395 1.000371 1.000349 1.000327 1.000345 1.000334 1.000000 1.000000 1.000307 1.000291 1.000000 1.000000 1.000241 1.000420 1.000000 1.000347 1.000152 1.000141 1.000000 1.000117 1.000105 1.000179 1.001278 1.001406 1.000068 1.000059 1.000000 1.000000
1.051003 1.000000 1.000000 1.043525 1.020961 1.019496 1.018143 1.018070 1.500321 1.750006 1.875000 4.558660 1.500000 1.540209 1.000000 1.000000 1.000000 1.000000 2.745507 1.576490 1.000000 1.000000 1.000000 1.000000 3.785546 1.875000 1.875000 1.875000 1.996094 2.677083 1.000379 1.000355 1.000369 1.000364 1.000362 1.000340 1.000010 1.000000 1.000000 1.000009 1.000000 1.000000 1.000000 1.000000 1.000005 1.000160 1.000274 1.000132 1.000120 1.000000 1.000095 1.001393 1.000000 1.000067 1.000058 1.000000 1.000041
1.044123 1.000000 1.000000 1.020610 1.020842 1.018463 1.018380 1.018324 1.500330 1.750006 4.379219 1.956030 1.000000 1.000000 1.000000 1.000000 1.000000 1.573999 1.853619 4.463870 1.000000 1.546133 1.000000 3.288616 1.750000 1.750000 1.750000 1.750000 1.992188 1.992194 2.814192 1.000362 1.000387 1.000378 1.000000 1.000011 1.000000 1.000000 1.000000 1.000000 1.000261 1.000242 1.000220 1.000379 1.000168 1.000003 1.000000 1.000129 1.000117 1.000107 1.000203 1.001470 1.000000 1.000000 1.000056 1.000048 1.000000
1.000000 1.000000 1.000000 1.020876 1.478133 1.247191 1.133883 1.076875 1.528682 4.155053 1.890374 1.912061 1.000000 1.000000 1.000000 1.000000 1.000000 1.000000 1.000000 1.000000 2.716501 2.710562 3.868151 1.500008 1.500007 1.500006 1.500006 1.500006 1.984375 1.984388 1.624024 2.669924 1.000398 1.000386 1.000361 1.000000 1.000000 1.000000 1.000000 1.000000 1.000000 1.000244 1.000000 1.000000 1.000331 1.000000 1.000000 1.000000 1.000000 1.000002 1.000094 1.000000 1.002793 1.000060 1.000054 1.000046 1.000039
1.025328 1.021021 1.025171 2.249106 1.000000 1.000000 3.351017 2.186431 3.919878 1.840481 1.780748 1.824122 1.000000 1.000000 1.000000 1.000000 1.000000 1.000000 1.000000 1.000000 1.000000 1.003269 1.003145 1.003016 1.002844 1.002507 1.002431 1.002358 1.968750 1.968777 1.248484 1.248794 1.266423 1.000387 1.000365 1.000000 1.000000 1.000287 1.000000 1.000009 1.000008 1.000686 1.000412 1.000370 1.000000 1.000137 1.000000 1.000000 1.000000 1.000000 1.000000 1.000000 1.000966 1.000058 1.000053 1.000044 1.000037
1.000000 1.000000 1.560866 1.000000 3.021812 4.569211 1.000000 1.574463 2.172820 1.680963 1.561496 1.575766 1.000000 1.000000 1.000000 1.000000 1.000000 1.000000 1.000000 1.000000 1.000000 1.003349 1.003179 1.003080 1.002952 1.002720 1.002458 1.002382 1.937500 1.937554 1.496538 1.497187 1.532032 1.000383 1.000361 1.000349 1.000321 1.000000 1.000286 1.000000 1.000271 1.000000 1.000190 1.000000 1.000153 1.000135 1.000120 1.000000 1.000000 1.000000 1.000000 1.000000 1.009987 1.006656 1.000051 1.000000 1.000036
1.004300 1.000000 1.000000 3.754309 1.000000 2.555946 1.553241 1.000000 2.205309 1.250119 1.000000 1.000000 1.000000 1.000000 1.000000 1.000000 1.000000 1.000000 1.000000 1.000000 1.000000 1.000000 1.000000 1.000000 1.000000 1.002779 1.002483 1.002403 1.875000 1.875107 1.992188 1.993547 2.062810 1.000000 1.000353 1.000330 1.000000 1.000000 1.000000 1.000009 1.000000 1.000000 1.000182 1.000167 1.000164 1.000288 1.000000 1.000000 1.000003 1.000212 1.000090 1.127194 1.090827 1.088834 1.000000 1.000041 1.000034
1.968750 2.033137 4.375947 2.057113 4.028675 1.000000 1.000000 1.000000 1.402409 1.500237 1.000000 1.000000 1.000000 1.000000 1.000000 1.000000 1.000000 1.000000 1.000000 1.000000 1.000000 1.000000 1.003402 1.000000 1.000000 1.006013 1.002505 1.002423 1.750000 1.750215 1.984375 1.987094 2.022858 1.000397 1.000000 1.000000 1.000000 1.000000 1.000600 1.000260 1.000233 1.000209 1.000182 1.000000 1.000000 1.000000 1.000000 1.000000 1.000000 1.088504 1.184129 1.096481 1.087164 1.094263 1.000047 1.000038 1.000032
