ASCII/pow_all_1.txt
ncols         489
nrows         533
xllcorner     593175.11526712
yllcorner     2721796.0885475
cellsize      29.615804956512
NODATA_value  -9999
[rows 500 to 524 of 533, columns 285 to 341 of 489]
1.017805 1.018290 1.938033 1.938369 1.937500 2.150238 1.009744 1.009415 1.000000 1.000000 1.000000 1.000000 1.000000 1.000000 1.045073 1.090954 1.046912 1.052671 1.135074 1.040614 1.000000 1.000000 1.037256 1.000000 1.075457 1.071792 1.072445 1.105270 1.000000 1.000000 1.000000 1.033227 1.000000 1.000000 1.000000 1.006113 1.005366 3.274129 1.500000 1.500000 1.504631 4.011171 2.437178 2.149577 1.000058 1.000000 1.000058 1.000030 1.000000 -9999.000000 -9999.000000 -9999.000000 -9999.000000 -9999.000000 -9999.000000 -9999.000000 -9999.000000
1.017056 1.018002 1.876065 1.876738 1.875000 1.875000 2.693531 1.119210 1.008312 1.000000 1.045872 1.041612 1.040363 1.000000 1.000000 1.000000 1.112820 1.184496 1.007251 1.041996 1.000000 1.000000 1.066707 1.036430 1.043382 1.000000 1.000000 1.081757 1.038521 1.000000 1.000000 1.000000 1.000000 1.034565 1.048652 1.000000 1.000000 3.403935 1.000107 1.000046 1.009302 1.000034 2.478865 1.862390 1.000038 1.000036 1.000080 1.000000 1.000000 1.000000 1.000000 -9999.000000 -9999.000000 -9999.000000 -9999.000000 -9999.000000 -9999.000000
1.016463 1.018172 1.752133 1.753480 1.750003 1.750003 2.406477 1.000000 1.000000 1.051989 1.051418 1.056534 1.000000 1.000000 1.095288 1.092914 1.041682 1.041555 1.097162 1.042376 1.035804 1.000000 1.000000 1.000000 1.036763 1.000000 1.000000 1.004842 1.000000 1.000000 1.000000 1.000000 1.000000 1.000000 1.000000 1.042004 4.125749 5.746108 1.000124 1.000087 1.018558 1.000028 1.000023 2.459582 2.510502 3.021004 3.034312 2.503632 1.000000 1.000000 1.000000 1.000000 1.000000 1.000000 -9999.000000 -9999.000000 -9999.000000
1.026440 1.019073 1.504477 1.507168 1.500215 1.500213 1.500211 1.713792 1.088488 1.096937 1.000000 1.052780 1.000000 1.000000 1.092650 1.049002 1.000000 1.038507 1.038456 1.081908 1.000000 1.000000 1.034054 1.000000 1.000000 1.000000 1.037349 1.000000 1.031531 1.004277 1.000000 1.000000 1.003658 1.000000 1.000000 3.214071 3.170214 1.000000 1.000117 1.000090 1.037117 1.000048 1.000038 1.000030 2.877064 2.279046 2.558091 2.223885 1.000008 1.000013 1.000000 1.000003 1.000001 1.000000 -9999.000000 -9999.000000 -9999.000000
1.000000 1.007471 1.023332 1.028691 1.014748 1.014700 1.014642 1.750000 1.780412 1.031964 1.030832 1.075312 1.088601 1.059249 1.000000 1.006307 1.000000 1.038955 1.038622 1.040184 1.000000 1.005259 1.032694 1.000000 1.000000 1.040448 1.000000 1.000000 1.033932 1.116488 1.004180 1.000000 1.000000 2.365024 6.924693 1.000000 2.336095 1.000000 1.000001 1.000071 1.076499 1.002200 1.000000 1.000000 1.001553 1.965608 1.931195 1.862390 1.000003 1.000002 1.000005 1.000002 1.000000 1.000000 -9999.000000 -9999.000000 -9999.000000
1.000000 1.014942 1.030982 1.041732 1.013896 1.013862 1.013823 1.500002 1.500002 1.005349 1.004227 1.000000 1.000000 1.000000 1.045564 1.000000 1.000000 1.033082 1.033377 1.000000 1.036781 1.040534 1.000000 1.037915 1.000000 1.000000 1.035096 1.000000 1.037114 1.038879 1.077558 1.000000 1.000000 1.000000 5.722534 1.000000 1.000000 1.000000 1.000000 1.000000 1.148200 1.004293 1.000000 1.000000 1.004015 1.000010 1.000009 1.000002 1.000001 1.000000 1.000000 1.000000 1.000000 1.000000 -9999.000000 -9999.000000 -9999.000000
1.000000 1.029884 1.034085 1.055623 1.001489 1.001482 1.001474 1.001464 1.001453 1.001442 1.006798 1.004020 1.004732 1.041327 1.005470 1.035921 1.000000 1.000000 1.000000 1.000000 1.032446 1.005634 1.040681 1.037859 1.036046 1.004143 1.000000 1.000000 1.037685 1.077090 1.033856 1.026426 1.000000 1.000000 1.000000 1.000000 1.000000 2.396665 1.698415 1.395073 1.000000 1.000027 1.000000 1.002221 1.000011 1.000006 1.000003 1.000003 1.000000 1.000000 1.000000 1.000000 1.000000 1.000000 -9999.000000 -9999.000000 -9999.000000
1.000000 1.059768 1.068170 1.111245 1.002898 1.003194 1.003133 1.002689 1.001278 1.001275 1.005933 1.000000 1.038740 1.005475 1.000000 1.078697 1.038049 1.000000 1.000000 1.034040 1.000000 1.000000 1.071611 1.039069 1.036125 1.000000 1.000000 1.000000 1.042215 1.045454 1.032596 2.255642 1.000000 1.000000 1.000082 1.000000 1.000000 1.000076 1.000000 1.091614 1.000000 1.000018 1.000000 1.000000 1.000006 1.000000 1.000001 1.000000 1.000000 1.000000 1.000000 1.000000 1.000000 1.000000 -9999.000000 -9999.000000 -9999.000000
1.000000 1.119536 1.136340 1.222494 1.000000 1.002585 1.002721 1.002599 1.001127 1.001128 1.001131 1.007297 1.039374 1.000000 1.000000 1.000000 1.000000 1.000000 1.000000 1.000000 1.034466 1.005778 1.021660 1.080921 1.036322 1.000000 1.000000 1.000000 1.000000 1.000000 6.111206 7.703413 1.774752 2.025512 1.000000 1.000000 1.000000 1.000000 1.244255 1.000022 1.000000 1.000000 1.000000 1.000000 1.000000 1.000000 1.000000 1.000000 1.000000 1.000000 1.000000 1.000000 1.000000 -9999.000000 -9999.000000 -9999.000000 -9999.000000
1.000000 1.239071 1.272680 1.447706 1.000000 1.000000 1.000000 1.002366 1.001721 1.001004 1.001740 1.006183 1.038142 1.000000 1.000000 1.000000 1.000000 1.000000 1.025671 1.111618 1.065911 1.029662 1.000000 1.090398 1.000000 1.000000 1.000000 1.004684 1.033806 1.985522 2.472865 1.000000 4.330961 3.933199 3.743556 1.000000 1.000058 1.650827 1.000013 1.002087 1.000010 1.000000 -9999.000000 -9999.000000 1.000000 1.000000 1.000000 1.000000 1.000000 1.000000 1.000000 1.000000 -9999.000000 -9999.000000 -9999.000000 -9999.000000 -9999.000000
1.000000 1.478143 1.545361 1.892282 1.000000 1.000000 1.000000 1.004451 1.001771 1.001605 1.001700 1.003124 1.003271 1.004641 1.000000 1.069071 1.028661 1.000000 1.000000 1.074732 1.036308 1.066704 1.000000 1.031238 1.130288 1.005014 1.000000 1.000000 1.000000 2.114959 1.000000 2.512477 7.270045 5.492113 4.192206 3.625573 2.734334 1.000010 1.000011 1.002079 1.000000 1.000000 -9999.000000 -9999.000000 -9999.000000 1.000000 1.000000 1.000000 1.000000 1.000000 1.000000 -9999.000000 -9999.000000 -9999.000000 -9999.000000 -9999.000000 -9999.000000
1.000000 1.956286 2.090722 1.000000 3.374103 1.000000 1.000000 1.002006 1.000000 1.001446 1.003043 1.000000 1.004667 1.000166 1.004808 1.000000 1.032464 1.000000 1.000000 1.004520 1.043312 1.000000 1.043604 1.033967 1.195336 1.000000 1.967668 -9999.000000 -9999.000000 1.000000 1.000000 2.386943 3.310772 3.601709 3.247003 2.123505 1.000010 1.000009 1.002048 1.000000 1.000000 -9999.000000 -9999.000000 -9999.000000 -9999.000000 1.000000 1.000000 1.000000 -9999.000000 -9999.000000 -9999.000000 -9999.000000 -9999.000000 -9999.000000 -9999.000000 -9999.000000 -9999.000000
1.000000 2.912572 1.000000 1.000000 3.635350 1.000000 1.000000 1.000000 1.000000 1.001761 1.000000 1.001638 1.001325 1.004808 1.003305 1.040723 1.033806 1.000000 1.000000 1.034021 1.034988 1.000000 1.005486 1.000000 1.030810 1.355573 -9999.000000 -9999.000000 -9999.000000 -9999.000000 1.000000 1.000000 1.000015 1.000000 1.000007 1.000000 1.000000 1.000007 1.000000 1.000001 -9999.000000 -9999.000000 -9999.000000 -9999.000000 -9999.000000 -9999.000000 -9999.000000 -9999.000000 -9999.000000 -9999.000000 -9999.000000 -9999.000000 -9999.000000 -9999.000000 -9999.000000 -9999.000000 -9999.000000
1.348878 4.825144 1.000000 1.000000 2.363895 1.009653 1.000000 1.000000 1.000000 1.001862 1.000000 1.001777 1.001403 1.004301 1.000000 1.034803 1.034135 1.000000 1.000000 1.000000 1.000000 1.000000 1.000000 1.037118 1.035836 1.000000 -9999.000000 -9999.000000 -9999.000000 -9999.000000 -9999.000000 1.000000 1.000006 1.000000 1.000000 1.000000 1.000004 1.000000 1.000000 1.000000 1.000000 -9999.000000 -9999.000000 -9999.000000 -9999.000000 -9999.000000 -9999.000000 -9999.000000 -9999.000000 -9999.000000 -9999.000000 -9999.000000 -9999.000000 -9999.000000 -9999.000000 -9999.000000 -9999.000000
1.000000 1.000000 1.000000 1.000000 1.233102 1.021186 1.000000 1.001805 1.000000 1.001543 1.000000 1.000000 1.003370 1.002255 1.002092 1.002276 1.002372 1.007415 1.034217 1.030078 1.000000 1.000000 1.000011 1.000000 1.000003 -9999.000000 -9999.000000 -9999.000000 -9999.000000 -9999.000000 -9999.000000 -9999.000000 -9999.000000 -9999.000000 -9999.000000 -9999.000000 -9999.000000 -9999.000000 -9999.000000 -9999.000000 -9999.000000 -9999.000000 -9999.000000 -9999.000000 -9999.000000 -9999.000000 -9999.000000 -9999.000000 -9999.000000 -9999.000000 -9999.000000 -9999.000000 -9999.000000 -9999.000000 -9999.000000 -9999.000000 -9999.000000
1.000000 1.000000 1.000000 1.621250 1.000000 1.035629 1.027443 1.001672 1.000000 1.000000 1.000000 1.003225 1.004033 1.000000 1.000000 1.000000 1.000000 1.002564 1.033673 1.030094 1.000000 1.000000 1.000004 1.000004 1.000000 -9999.000000 -9999.000000 -9999.000000 -9999.000000 -9999.000000 -9999.000000 -9999.000000 -9999.000000 -9999.000000 -9999.000000 -9999.000000 -9999.000000 -9999.000000 -9999.000000 -9999.000000 -9999.000000 -9999.000000 -9999.000000 -9999.000000 -9999.000000 -9999.000000 -9999.000000 -9999.000000 -9999.000000 -9999.000000 -9999.000000 -9999.000000 -9999.000000 -9999.000000 -9999.000000 -9999.000000 -9999.000000
1.000000 3.394055 1.000000 2.242500 1.000000 1.072643 1.105952 1.001610 1.000000 1.000000 1.000000 1.002830 1.006106 1.000000 1.001968 1.000000 1.000107 1.000000 1.000000 1.000000 1.000000 1.000000 1.000000 -9999.000000 -9999.000000 -9999.000000 -9999.000000 -9999.000000 -9999.000000 -9999.000000 -9999.000000 -9999.000000 -9999.000000 -9999.000000 -9999.000000 -9999.000000 -9999.000000 -9999.000000 -9999.000000 -9999.000000 -9999.000000 -9999.000000 -9999.000000 -9999.000000 -9999.000000 -9999.000000 -9999.000000 -9999.000000 -9999.000000 -9999.000000 -9999.000000 -9999.000000 -9999.000000 -9999.000000 -9999.000000 -9999.000000 -9999.000000
2.488189 4.509255 5.970000 3.485000 1.000000 1.150905 1.230020 1.348029 1.000000 1.001644 1.000000 1.000000 1.001365 1.025289 1.000000 1.000091 1.002031 1.000100 1.000000 1.035970 1.033855 1.000000 -9999.000000 -9999.000000 -9999.000000 -9999.000000 -9999.000000 -9999.000000 -9999.000000 -9999.000000 -9999.000000 -9999.000000 -9999.000000 -9999.000000 -9999.000000 -9999.000000 -9999.000000 -9999.000000 -9999.000000 -9999.000000 -9999.000000 -9999.000000 -9999.000000 -9999.000000 -9999.000000 -9999.000000 -9999.000000 -9999.000000 -9999.000000 -9999.000000 -9999.000000 -9999.000000 -9999.000000 -9999.000000 -9999.000000 -9999.000000 -9999.000000
1.000000 1.000000 1.000000 1.000000 1.000000 1.324631 1.933858 1.701175 2.253392 1.002857 1.001364 1.000000 1.000000 1.091630 1.003133 1.001796 1.001692 1.001867 1.001875 1.000000 1.000000 -9999.000000 -9999.000000 -9999.000000 -9999.000000 -9999.000000 -9999.000000 -9999.000000 -9999.000000 -9999.000000 -9999.000000 -9999.000000 -9999.000000 -9999.000000 -9999.000000 -9999.000000 -9999.000000 -9999.000000 -9999.000000 -9999.000000 -9999.000000 -9999.000000 -9999.000000 -9999.000000 -9999.000000 -9999.000000 -9999.000000 -9999.000000 -9999.000000 -9999.000000 -9999.000000 -9999.000000 -9999.000000 -9999.000000 -9999.000000 -9999.000000 -9999.000000
1.000000 2.408745 1.000000 1.000000 2.071635 1.000000 2.302101 1.616576 2.124926 2.347235 2.127266 1.000000 1.000000 1.369326 1.003067 1.003177 1.000000 1.001601 1.001628 1.000080 -9999.000000 -9999.000000 -9999.000000 -9999.000000 -9999.000000 -9999.000000 -9999.000000 -9999.000000 -9999.000000 -9999.000000 -9999.000000 -9999.000000 -9999.000000 -9999.000000 -9999.000000 -9999.000000 -9999.000000 -9999.000000 -9999.000000 -9999.000000 -9999.000000 -9999.000000 -9999.000000 -9999.000000 -9999.000000 -9999.000000 -9999.000000 -9999.000000 -9999.000000 -9999.000000 -9999.000000 -9999.000000 -9999.000000 -9999.000000 -9999.000000 -9999.000000 -9999.000000
1.000000 2.517779 4.972885 4.397173 1.535531 1.000000 1.608842 1.000000 3.212258 1.910032 1.763121 1.962268 1.000000 2.489671 1.001578 1.000000 1.001737 1.000000 1.000000 -9999.000000 -9999.000000 -9999.000000 -9999.000000 -9999.000000 -9999.000000 -9999.000000 -9999.000000 -9999.000000 -9999.000000 -9999.000000 -9999.000000 -9999.000000 -9999.000000 -9999.000000 -9999.000000 -9999.000000 -9999.000000 -9999.000000 -9999.000000 -9999.000000 -9999.000000 -9999.000000 -9999.000000 -9999.000000 -9999.000000 -9999.000000 -9999.000000 -9999.000000 -9999.000000 -9999.000000 -9999.000000 -9999.000000 -9999.000000 -9999.000000 -9999.000000 -9999.000000 -9999.000000
1.000049 1.001573 1.865126 2.762423 1.000000 1.000000 1.000000 1.627076 1.999115 1.759181 1.000000 1.730890 1.000000 2.144325 1.001520 1.000000 1.000000 1.000000 -9999.000000 -9999.000000 -9999.000000 -9999.000000 -9999.000000 -9999.000000 -9999.000000 -9999.000000 -9999.000000 -9999.000000 -9999.000000 -9999.000000 -9999.000000 -9999.000000 -9999.000000 -9999.000000 -9999.000000 -9999.000000 -9999.000000 -9999.000000 -9999.000000 -9999.000000 -9999.000000 -9999.000000 -9999.000000 -9999.000000 -9999.000000 -9999.000000 -9999.000000 -9999.000000 -9999.000000 -9999.000000 -9999.000000 -9999.000000 -9999.000000 -9999.000000 -9999.000000 -9999.000000 -9999.000000
1.000000 1.000000 1.695286 1.000000 3.318027 1.580032 1.000000 1.000000 2.220032 1.000000 1.000000 1.000000 1.000000 1.000000 1.000000 -9999.000000 -9999.000000 -9999.000000 -9999.000000 -9999.000000 -9999.000000 -9999.000000 -9999.000000 -9999.000000 -9999.000000 -9999.000000 -9999.000000 -9999.000000 -9999.000000 -9999.000000 -9999.000000 -9999.000000 -9999.000000 -9999.000000 -9999.000000 -9999.000000 -9999.000000 -9999.000000 -9999.000000 -9999.000000 -9999.000000 -9999.000000 -9999.000000 -9999.000000 -9999.000000 -9999.000000 -9999.000000 -9999.000000 -9999.000000 -9999.000000 -9999.000000 -9999.000000 -9999.000000 -9999.000000 -9999.000000 -9999.000000 -9999.000000
1.000000 1.001212 1.000000 1.000000 3.945851 1.000000 1.000000 1.000000 1.000000 1.907014 1.000000 -9999.000000 -9999.000000 -9999.000000 -9999.000000 -9999.000000 -9999.000000 -9999.000000 -9999.000000 -9999.000000 -9999.000000 -9999.000000 -9999.000000 -9999.000000 -9999.000000 -9999.000000 -9999.000000 -9999.000000 -9999.000000 -9999.000000 -9999.000000 -9999.000000 -9999.000000 -9999.000000 -9999.000000 -9999.000000 -9999.000000 -9999.000000 -9999.000000 -9999.000000 -9999.000000 -9999.000000 -9999.000000 -9999.000000 -9999.000000 -9999.000000 -9999.000000 -9999.000000 -9999.000000 -9999.000000 -9999.000000 -9999.000000 -9999.000000 -9999.000000 -9999.000000 -9999.000000 -9999.000000
1.000000 1.000000 1.104868 1.723161 3.096774 3.347206 3.532140 1.914632 1.688923 1.000000 1.000000 -9999.000000 -9999.000000 -9999.000000 -9999.000000 -9999.000000 -9999.000000 -9999.000000 -9999.000000 -9999.000000 -9999.000000 -9999.000000 -9999.000000 -9999.000000 -9999.000000 -9999.000000 -9999.000000 -9999.000000 -9999.000000 -9999.000000 -9999.000000 -9999.000000 -9999.000000 -9999.000000 -9999.000000 -9999.000000 -9999.000000 -9999.000000 -9999.000000 -9999.000000 -9999.000000 -9999.000000 -9999.000000 -9999.000000 -9999.000000 -9999.000000 -9999.000000 -9999.000000 -9999.000000 -9999.000000 -9999.000000 -9999.000000 -9999.000000 -9999.000000 -9999.000000 -9999.000000 -9999.000000
