ASCII/slope.txt
ncols         489
nrows         533
xllcorner     593175.11526712
yllcorner     2721796.0885475
cellsize      29.61580496
NODATA_value  -9999
[rows 390 to 419 of 533, columns 69 to 137 of 489]
31.4565 29.89533 32.1414 32.89049 23.61525 20.41957 23.90079 24.12446 16.22581 13.07122 12.97488 19.94998 28.38315 29.96989 21.90286 16.80794 25.95314 34.50341 37.29046 34.97551 43.5309 44.75548 37.18578 35.89428 40.37258 43.19907 40.45597 33.23409 28.68883 34.86641 38.86238 32.00104 27.00371 30.62617 37.33113 31.76441 31.21803 28.79613 26.8648 26.554 25.56886 26.73278 29.31829 32.73281 25.63642 23.70125 30.58143 24.20966 16.70849 16.31604 23.43589 27.43679 25.69509 22.77201 21.58715 19.05641 13.10455 16.64596 23.6876 21.02842 20.5991 22.35091 18.04222 13.59718 15.80531 20.5991 24.11876 25.97178 25.42764
30.66061 28.89849 31.08943 27.73907 14.06621 13.68852 16.20963 18.21958 16.36733 19.86776 17.44027 18.79268 27.01802 31.30036 23.29252 11.00264 16.31604 29.50241 43.25211 47.8433 44.74146 37.16527 30.09165 24.11686 29.02555 40.30205 37.59963 26.70852 24.81741 38.80622 35.72775 25.9124 24.20966 33.0918 33.95371 20.91698 17.19865 23.90079 26.8648 26.95913 29.61001 32.70245 35.37513 33.11926 29.69126 30.61596 29.05085 23.61525 20.50362 21.05615 23.61329 25.30106 25.75012 25.4731 19.67666 6.094761 5.951251 12.66788 23.61525 27.24833 26.2155 23.77128 18.28657 13.42853 13.65683 20.12781 26.46715 27.77552 26.11677
31.31506 33.09729 31.72862 25.63988 17.24671 13.81444 13.07122 17.9113 15.80531 16.31604 12.36109 15.07398 20.54905 30.77361 25.11112 16.24843 20.91698 22.50936 27.98056 34.55476 33.11926 27.30619 26.63225 16.14798 16.81723 31.92687 38.95503 34.13213 34.49231 34.03694 14.94613 13.6608 24.01206 31.21803 24.07312 14.09301 14.16926 19.96984 29.24767 31.70233 32.24474 31.57264 30.7951 29.0705 31.37861 29.56515 23.2665 19.53426 18.22238 21.2055 19.76749 17.34532 18.44166 19.17472 16.80794 14.13501 8.180371 14.84579 25.69854 32.4369 28.71751 25.17528 22.01609 18.35324 19.44198 23.21835 25.18239 26.03432 27.27337
29.98051 34.36059 31.00605 25.01081 22.92629 23.6993 27.24833 34.49231 32.68217 21.68054 11.51552 12.0957 17.90272 28.68883 25.10398 21.06769 26.07644 18.64135 18.45268 22.67663 24.79375 24.83195 21.7976 13.57324 13.43662 22.26574 32.32671 35.22919 30.00571 15.57291 3.863405 18.22238 30.3857 26.67124 18.10723 14.90681 18.39476 16.63029 19.95495 26.09998 29.95926 31.11424 28.71034 30.118 33.76383 26.49834 20.5395 18.6712 18.58146 19.38272 16.80794 16.90974 17.83676 18.50762 21.42345 26.10166 23.54453 26.47372 32.07838 33.76066 30.32211 28.14604 26.09493 20.7058 17.44027 17.5815 17.23471 18.17755 20.68215
33.61224 38.00702 32.26324 24.69145 25.53236 24.55342 24.5885 29.58963 34.60695 34.24318 28.80896 19.59546 20.4268 25.16816 21.52233 22.76167 27.90698 21.2055 20.04657 22.46094 17.24671 14.27899 10.6158 7.76584 6.849764 13.78701 18.79268 20.35926 14.41011 11.92587 13.0879 23.64462 28.09702 18.27264 17.56685 16.80794 21.54023 20.76005 17.65158 19.09068 24.01206 31.21311 34.80713 37.62208 36.35683 27.86931 24.64006 24.02735 24.96583 24.30005 22.35091 21.64058 20.19395 19.83775 23.3564 29.88065 32.48488 33.27219 34.52759 32.35088 30.70768 32.03038 27.48164 16.50737 12.2584 15.43968 15.36737 14.57667 13.23276
36.19958 38.41446 30.88961 24.02353 25.08074 19.52659 15.9117 16.68664 17.39881 25.95314 31.08943 27.2452 24.11686 23.04051 18.1185 19.84526 28.40653 30.44776 26.454 22.67663 19.11963 14.0777 11.692 4.222625 6.028227 8.879185 7.46586 12.37885 8.487331 6.891513 7.080265 18.77116 21.44148 15.14445 21.26256 22.48833 23.75574 19.83775 14.71922 14.42128 20.90765 28.88856 31.54368 36.2413 34.14038 28.13566 26.55726 27.03072 28.12675 27.52944 26.55726 26.30203 25.30459 23.94884 23.37233 24.50899 28.40653 29.04101 27.86328 26.3567 32.46091 35.89798 24.6621 15.80531 15.23199 17.93701 17.89127 16.25166 11.14828
37.85466 39.77589 31.84643 21.85909 18.88647 11.24257 8.433623 11.77679 8.075312 12.32994 20.30355 23.9546 23.31451 17.97122 15.4774 17.01384 27.65829 32.8671 27.32335 21.1597 23.86224 23.46361 23.65635 14.80254 10.15787 11.52994 7.080265 8.757113 6.688652 8.103468 8.847235 15.80865 17.24671 17.16249 24.40859 24.55711 21.51112 16.86973 14.94613 17.86835 25.30989 30.03882 31.04468 31.37861 28.02844 23.14382 21.71155 22.87503 23.46757 21.42571 21.26939 23.29252 24.72806 24.10356 20.87498 18.92115 20.96815 23.27651 23.5465 24.97304 35.2956 33.36436 18.73612 15.99093 15.24246 15.162 14.77362 11.47697 6.80775
34.96473 39.24548 34.84173 26.94637 21.58715 16.0008 14.90681 14.69376 7.846229 7.602386 13.37177 20.39548 20.16459 14.52878 14.39519 16.68664 25.07537 30.47742 28.75329 25.75012 21.31487 14.0777 18.79268 24.22853 24.78829 24.90446 18.27542 13.19981 12.1502 13.95067 14.66094 14.80615 15.84198 19.27909 24.94781 23.77904 19.94749 16.11868 19.25567 23.92579 21.93779 23.74019 28.696 26.67611 18.4939 14.9247 14.97821 18.41685 21.13445 19.00616 16.33209 13.29839 12.83946 15.59328 17.36912 18.24474 20.62763 22.35091 23.92579 25.94126 32.39108 26.65013 10.49936 13.52921 17.39288 15.80197 9.253439 4.8491 2.188793
30.58527 33.5311 29.82446 26.76024 23.21231 18.93979 18.05921 17.65158 14.3316 12.13206 17.65158 22.48412 25.21081 24.63822 20.5395 20.06877 27.93706 31.00605 27.71777 27.66288 22.62872 13.78701 10.53126 17.90272 21.82178 28.19788 28.62699 22.74304 15.10574 16.42798 21.86566 23.37233 23.48734 22.43773 22.46094 22.32541 19.84526 17.48456 21.05615 22.72854 16.75831 19.79764 27.65371 27.43679 17.29162 7.669694 7.080265 15.31894 18.21958 14.5177 13.8808 13.82618 14.27899 15.72494 16.46615 17.50518 20.01691 21.59384 23.46757 23.59171 24.23985 21.02842 10.04682 11.26724 16.31604 14.43988 10.22935 7.925761 7.488795
29.99113 30.01234 22.40391 19.59546 20.90066 20.76005 18.45268 17.35425 20.54905 16.04021 15.7115 18.65764 21.23976 24.51455 23.90271 26.49834 34.0037 32.08189 26.1067 27.43679 23.92579 16.31604 11.91199 12.32994 14.66094 20.65373 25.3328 23.54256 18.74691 20.77652 26.61109 26.76669 21.61166 14.00087 14.37652 21.10456 22.07887 20.81645 19.93009 17.29162 15.79195 19.36981 27.35762 29.72904 19.30766 5.960929 4.553219 15.23199 15.67446 6.841383 6.461432 8.904657 11.692 14.12357 17.37803 21.71819 23.48734 22.13711 20.96583 18.27264 15.4774 15.45684 14.48071 15.01021 13.4447 10.78271 11.47697 11.692 11.22279
25.06104 22.99981 17.81087 14.69376 18.1185 20.5132 18.57601 17.46096 20.64899 19.05641 21.69384 19.79764 10.02445 12.38772 19.42397 29.13768 32.32671 26.63062 22.09184 20.58958 20.61099 16.38012 11.10831 12.38772 15.10574 17.74158 20.80002 19.19042 15.20754 19.4651 21.05615 9.820638 7.27966 5.823931 11.47697 22.6454 23.52878 21.01221 17.92845 15.2564 16.25488 20.08847 25.95314 28.00751 19.59546 10.09696 10.20192 14.31659 14.5177 9.253439 6.891513 5.71392 5.951251 10.20192 12.81816 15.38463 15.07398 11.70618 13.10871 13.20806 13.20806 16.10563 18.64135 17.66904 10.81885 7.27966 9.326366 4.641501 1.409811
20.43883 19.19042 18.17755 14.00472 15.55931 17.35127 17.08078 18.87578 21.29669 17.39288 22.88735 25.33632 10.56305 7.82439 16.62087 23.38427 21.87661 19.16948 17.13833 13.51316 18.57601 17.60197 7.46586 9.210612 11.70618 17.29162 21.538 21.31713 20.19151 22.93243 18.7037 11.23763 11.49144 14.03551 17.23471 21.90286 22.16936 22.66831 22.82772 22.97534 25.08074 28.00302 26.95913 21.36926 15.80531 15.2285 16.53584 12.79681 13.12117 12.41429 9.253439 8.757113 7.152715 8.487331 11.63033 12.76257 10.8343 11.1383 14.07387 10.17442 9.582811 14.90681 16.83578 14.38026 6.362772 4.641501 7.639856 8.828005 3.893378
20.12781 20.85393 19.52147 15.52183 16.31604 14.09301 13.65683 17.12623 22.40391 17.9826 20.07369 25.10398 15.14445 10.44061 14.52878 18.17475 16.61773 18.24474 16.25488 12.34775 17.08078 14.74827 10.78271 13.59718 10.6158 15.79195 20.54905 24.07312 25.1254 23.78098 18.24474 15.19005 14.43988 15.37428 17.44027 19.72719 23.1317 31.24757 34.25956 32.58496 31.60275 30.54042 25.42063 16.99248 12.93274 17.62826 20.79767 13.36771 9.494198 9.687997 4.8491 3.893378 4.450144 5.622267 13.41639 14.80615 11.54914 12.84797 12.84797 8.270286 9.210612 14.22992 14.48071 11.24257 5.804088 5.07089 4.167259 10.09696 8.208148
20.62763 22.35091 21.75353 20.11307 18.77116 13.37177 17.01384 21.13445 23.0161 20.41717 20.12781 21.51336 15.34318 11.07823 12.97488 16.26456 17.62534 21.01221 16.56109 9.957014 15.29118 15.12335 14.67189 15.9117 8.075312 12.3522 18.35047 24.51455 26.5049 22.88735 16.36733 12.37885 9.22287 10.99758 16.94351 22.99981 31.33586 39.84526 39.07216 33.083 29.53517 26.14193 19.93009 12.97488 10.89584 18.22238 21.1597 15.92494 13.82618 16.50737 14.80615 13.24921 12.37885 10.22935 12.2584 11.9536 10.58946 11.45764 9.130507 5.549908 9.22287 11.91199 12.45843 9.820638 7.232328 5.3915 1.409811 8.567225 10.6158
22.39332 19.36981 17.24371 20.84457 24.85918 19.45226 18.7064 23.03034 22.78854 23.48141 19.16162 12.50678 13.31882 12.5985 13.07122 13.52921 14.24882 21.07461 22.16507 14.69376 15.01731 19.42912 17.77627 15.10574 6.54101 7.27966 17.20767 24.19833 25.81864 22.60994 17.51989 14.12357 14.13882 14.60604 21.83277 29.04101 37.18578 40.20444 33.86901 24.71343 20.65373 19.90768 17.4934 16.11868 12.86922 19.38272 22.27428 17.54045 21.20779 26.57849 27.14934 23.49722 19.03527 15.2285 11.10831 7.342275 5.217103 11.87486 14.80615 14.211 12.05463 8.698652 12.45402 12.05463 8.487331 5.326786 1.232903 6.54979 10.74125
28.11189 20.14744 16.50737 18.41685 22.07887 18.9823 18.74691 27.52944 25.81009 22.48833 12.38772 7.75113 14.22992 15.01731 13.52921 10.35451 9.22287 15.67109 24.13395 23.56224 18.48567 21.43247 22.92629 20.77652 13.5892 10.15787 18.31161 16.22581 15.37428 17.24371 15.99093 15.83199 21.65836 24.08454 27.86328 32.65736 36.06277 33.54715 24.38059 15.6204 12.56365 15.92494 15.52183 18.22797 22.29134 26.18377 23.83326 15.98764 23.59171 21.23976 13.82618 14.21479 15.09163 14.38026 9.88908 5.79414 2.41686 3.817997 11.87486 18.20839 16.40886 8.847235 12.81816 16.38012 12.24044 8.49402 5.12763 1.743318 9.130507
33.14119 25.5428 23.64071 22.35091 15.70141 10.88049 16.83578 27.5279 29.64391 28.84312 22.55554 18.14946 20.17438 16.80485 11.91662 4.12524 5.455429 9.049644 15.40874 21.64503 19.01146 17.90272 21.36926 22.81948 18.88647 20.03669 20.71289 11.72977 12.07747 18.21958 19.95743 24.47931 26.95913 27.92954 29.46274 30.62617 30.25435 26.2821 18.04788 11.77679 14.42128 18.28657 15.52183 15.31547 20.90998 23.56814 17.90558 11.6446 20.09586 17.80799 2.817917 1.409811 5.294125 8.821585 7.144702 3.223003 4.222625 3.149892 4.371216 15.42594 16.80794 7.232328 8.386331 13.07122 10.68918 6.714357 6.505766 5.549908 8.352377
32.30943 24.58665 18.27264 15.20754 9.012061 5.217103 10.77754 20.90066 24.71343 27.44453 26.73278 27.78765 29.27402 19.52403 8.692131 2.464664 4.111136 10.06356 15.53547 20.7058 17.20165 13.86132 19.52659 24.50899 24.81559 23.66808 16.38012 8.49402 10.52064 19.15113 26.08989 30.61213 30.4787 28.11189 25.99885 24.98204 23.56814 21.35794 15.17954 13.23688 17.77627 21.1597 18.50762 14.80615 12.13206 8.547325 6.262506 6.782412 13.33106 14.80615 7.997343 5.194883 2.161961 4.553219 7.817097 6.094761 6.782412 7.925761 10.17992 16.25166 18.86508 15.04922 15.38463 15.12335 11.47697 7.511657 7.326674 7.904154 8.263406
26.12181 17.35127 14.13501 15.38463 9.179891 11.0279 9.130507 11.46247 16.70849 20.12535 21.61166 29.39136 33.91507 27.54176 20.00702 12.07747 7.511657 12.1502 19.03527 20.9844 16.10563 14.77362 19.07751 23.76934 25.54106 21.62057 16.16098 13.0879 15.45684 20.96815 24.94781 27.74971 28.36267 28.19344 25.56886 21.44373 18.21958 17.21068 13.5892 16.06969 19.76749 21.2055 14.80615 5.951251 5.508122 6.216378 8.075312 9.820638 9.308191 9.22287 6.688652 4.222625 3.893378 4.317784 10.04682 12.24494 11.87486 11.7439 12.37885 17.5815 19.6564 15.75514 13.42853 13.52921 11.41887 8.075312 4.437088 7.458199 8.433623
21.17575 16.38012 17.13833 20.90998 16.73031 12.97488 10.88049 5.217103 10.22935 15.84198 16.30641 27.72538 35.84701 36.98902 38.60532 35.8841 28.56637 23.25849 24.44585 24.10166 18.40857 15.51842 20.04657 23.56027 20.64899 15.73501 20.43642 21.92251 17.17756 13.28611 17.36615 24.48488 23.70905 22.50936 19.94998 15.83199 14.16926 14.69376 14.09301 14.68647 17.80799 19.13801 15.68457 11.83761 8.547325 6.335589 10.1413 13.36771 8.808731 6.141831 7.303206 6.216378 6.141831 8.879185 11.17815 15.03505 15.01731 13.57723 16.25488 19.19042 15.72494 10.37611 11.76271 12.48922 9.012061 6.739961 3.817997 4.591266 8.652894
17.92845 20.90066 27.39803 28.39192 23.1317 16.46615 14.19584 9.25954 6.54979 9.768966 9.210612 18.31161 24.96583 27.39337 32.86264 38.04509 38.67153 32.33247 27.49862 28.91549 29.3252 23.64658 22.3169 21.71819 14.24882 13.86132 22.88735 24.23985 16.07296 10.06356 19.47024 24.16428 17.50518 14.84939 11.91199 9.161406 10.20192 10.81885 10.68918 9.547472 15.20754 19.40078 18.20839 15.52183 12.97488 13.8808 15.00666 13.20806 6.54979 6.362772 10.09696 8.828005 9.308191 12.12752 12.81816 14.13882 17.20767 15.03505 14.39892 11.81893 7.1045 7.27966 13.1709 13.14192 5.804088 4.740348 5.622267 2.9394 7.232328
23.83906 27.89494 29.7627 29.53517 28.71751 29.51607 32.58269 31.04593 22.7389 11.99964 9.774722 12.61154 11.51552 7.015211 2.051114 14.73012 33.82807 33.93597 21.99655 24.85918 30.45034 31.96929 32.79226 25.35744 13.79878 19.44198 24.19455 21.71155 20.4268 20.00949 26.43591 23.576 12.2584 11.52994 12.3522 9.22287 7.216478 6.891513 6.141831 7.144702 10.8343 14.69376 13.51316 13.17504 16.36413 19.88773 16.27745 6.066339 3.483415 9.35054 10.88049 8.263406 9.179891 11.22279 11.5922 10.20192 12.97488 16.94351 13.68852 6.610914 3.149892 8.018686 13.8808 14.21479 7.549599 6.280859 7.326674 6.39883 5.883046
24.20588 25.69337 29.64256 38.89307 39.465 36.09571 37.39447 40.23259 39.70621 33.39676 27.06561 22.72854 18.03938 14.60604 11.60652 12.93696 30.08241 33.38921 18.24474 18.50762 21.71155 28.24218 39.51884 33.57706 18.50762 20.23057 20.5991 20.94956 25.48358 24.58665 26.73278 21.24204 13.62505 12.3522 11.64935 11.77679 6.54101 3.364422 2.755154 4.776879 8.51405 13.37177 12.84797 11.49144 16.07296 20.73177 16.79555 9.012061 7.75113 13.65683 11.51552 8.290889 7.706822 8.904657 9.374647 7.93295 6.941267 10.52064 12.78398 10.91628 6.280859 7.76584 12.84797 14.67189 8.955371 5.508122 8.567225 9.843509 5.804088
28.43279 33.55356 41.84536 47.08279 37.07524 25.52018 25.69509 30.98483 36.81517 36.15866 25.95314 18.67933 19.60817 21.10456 22.07455 25.56191 31.33586 29.61001 19.34653 18.37817 18.37817 22.99981 38.21246 37.07524 23.76157 17.9826 16.48519 23.49722 27.32335 23.28852 21.61166 14.12357 8.406633 13.12117 12.24494 13.17504 11.14828 1.709485 1.841084 4.578619 9.699609 13.05035 10.81885 11.3213 17.12321 19.22178 13.0754 7.015211 8.215076 15.61362 13.82618 10.1413 8.672536 9.59456 10.88049 9.565159 9.25954 4.111136 4.222625 7.481159 6.576058 5.455429 9.820638 13.50914 12.68084 8.652894 8.955371 12.69378 12.02717
42.66267 43.5732 42.78019 38.20285 21.81739 17.29162 24.16428 25.89879 27.98506 29.8258 23.67003 14.52878 18.1185 24.85918 29.42434 29.37484 26.72308 22.26574 17.10201 19.19042 20.04657 23.3783 33.31563 35.34164 26.5049 17.35127 13.98545 23.17004 28.72897 24.77918 19.83775 12.56365 7.015211 1.709485 8.692131 14.08919 18.50762 12.48922 8.802296 13.25331 16.14798 14.13501 9.155234 10.74125 18.57601 17.81087 10.09696 3.893378 3.415931 13.0879 15.83199 10.78271 10.09696 13.31882 15.40874 12.13206 7.144702 2.817917 1.409811 3.893378 4.1533 3.056026 5.116333 10.58946 14.83859 16.07296 11.94436 11.68727 16.91896
45.61086 36.71698 28.42258 24.55342 17.21068 17.24371 20.12781 19.13801 23.8796 27.83458 25.38907 21.92251 23.2103 25.73466 23.9181 24.46259 24.70611 22.77614 17.84538 16.61145 18.1185 21.29442 28.95649 32.2123 26.80053 19.25567 14.58769 20.54905 28.06128 26.59154 19.19042 12.8862 12.17283 9.049644 7.602386 7.549599 15.99093 16.38012 13.68852 15.79195 15.75514 14.30532 13.79878 14.63169 18.96372 14.37652 7.232328 5.863409 2.919506 8.433623 15.95138 13.37177 12.38772 17.55806 17.0656 8.263406 2.161961 1.232903 1.841084 4.920241 6.54979 5.036533 1.5291 7.080265 15.38463 19.52147 15.42594 6.841383 11.34578
34.38092 24.44585 18.58146 18.05921 21.35794 21.07461 18.19998 14.93542 22.11125 27.19813 28.26576 29.66557 26.87602 22.11125 16.22905 19.02734 25.89879 25.91749 20.36892 15.92494 16.91896 22.77201 28.13566 28.28195 24.96223 19.84526 16.50737 18.24195 24.40859 27.13673 23.28852 17.97122 14.30532 13.75558 10.22935 4.489079 10.2403 14.21857 13.0879 11.96743 10.6735 9.962653 8.923711 9.826361 14.38026 9.768966 4.167259 7.46586 4.277265 4.450144 14.60604 17.35425 15.17954 19.74735 16.72096 4.8491 0.7646863 2.29297 6.141831 7.925761 9.494198 9.326366 6.705801 7.846229 15.83199 18.27264 16.04021 7.488795 1.025886
19.75491 13.49307 8.847235 13.22042 26.12181 25.87837 17.9113 13.29839 20.93095 30.87955 34.62097 33.24281 27.33738 15.67446 13.4447 19.40078 24.18509 21.05615 18.74421 17.66031 21.72482 28.1 29.64391 24.72989 19.70447 17.39288 20.26467 18.00534 16.43117 20.55382 21.1872 22.96718 22.78854 16.69601 12.41429 9.374647 10.41916 13.28611 10.88049 6.141831 5.863409 7.904154 7.176695 8.961689 12.6289 8.018686 3.678374 7.176695 4.450144 0.4836473 11.53955 18.60599 17.05648 19.52403 16.50737 7.216478 1.709485 7.846229 11.16322 9.099497 7.925761 8.879185 7.639856 9.210612 14.12357 13.78701 14.74827 9.843509 1.367734
15.72494 9.099497 6.141831 13.52921 27.5556 27.46773 12.0957 5.549908 11.0279 22.9099 30.86446 29.62629 25.87837 22.41871 21.2055 22.98554 22.70987 15.80531 14.96396 13.24921 19.16162 24.6621 24.22853 17.48456 12.1502 15.19005 24.50899 20.36892 10.50469 10.88049 12.14567 21.98133 25.29047 18.87311 18.71451 15.23199 5.294125 9.22287 8.847235 4.344583 4.884802 9.049644 9.872017 12.8862 14.60604 10.74125 6.066339 6.705801 4.641501 3.516667 10.74125 17.24671 16.45979 16.68664 15.2564 10.48871 8.672536 14.16926 13.62505 9.88908 8.652894 9.699609 10.15235 11.83761 10.85999 8.221999 11.91199 12.2584 5.497625
20.50122 13.65683 14.89248 20.61099 25.44164 25.3592 9.582811 5.116333 16.01724 20.09586 17.77627 22.2294 17.29162 17.23471 19.00351 21.58268 15.67446 6.470324 7.488795 13.65683 17.56685 19.68425 18.7064 12.20444 10.89584 18.74691 29.26015 22.35091 10.17442 8.159473 9.774722 20.01691 19.6488 15.76519 19.96984 20.26224 14.30532 1.367734 11.41887 10.56305 6.037778 8.399872 10.09696 11.64935 14.38026 14.66094 9.629713 5.951251 5.3915 4.825149 10.06356 15.10574 14.90681 14.43988 12.66355 12.2584 13.0879 14.93542 9.565159 5.07089 6.849764 10.15787 12.87347 12.69378 9.099497 6.169895 6.80775 9.326366 8.263406
