ASCII/slope.txt
ncols         489
nrows         533
xllcorner     593175.11526712
yllcorner     2721796.0885475
cellsize      29.61580496
NODATA_value  -9999
[rows 90 to 119 of 533, columns 207 to 275 of 489]
22.7389 18.18597 18.5951 16.25166 8.50738 5.206005 6.132447 9.91178 15.4774 20.09586 19.60817 19.36205 22.4778 23.81005 26.3567 34.67195 31.01478 20.2525 23.7032 29.45863 31.70233 33.14558 31.64001 26.92562 27.09409 27.17454 25.80496 23.4557 22.9099 29.02555 32.82693 28.12675 19.95495 19.4728 19.56489 8.018686 16.86973 23.88923 29.24767 28.48809 24.19455 19.25567 17.36615 9.820638 12.19993 20.26224 19.00616 17.08078 22.61202 30.14562 34.02552 32.61441 29.11392 22.08536 15.72494 13.57324 11.70618 8.433623 13.94292 11.54914 12.64624 22.01609 25.84597 25.81009 28.24513 35.52354 38.59907 35.39041 35.61326
25.26219 27.44453 24.11876 20.01691 13.05035 7.488795 5.549908 6.891513 9.629713 14.43988 18.22238 19.09068 20.381 21.03998 24.32819 31.33586 27.5679 17.77627 23.13776 29.17118 32.52476 36.00772 38.47361 35.34164 32.0585 30.45034 29.13489 26.14193 22.23154 23.1135 28.36267 29.09152 21.75353 21.44148 13.76738 11.06316 17.4934 22.57648 26.09998 24.94781 23.37233 20.87498 16.9036 5.116333 8.180371 19.73727 19.33877 10.61054 16.83578 21.2055 23.5465 24.91531 17.2557 14.13501 15.10574 15.52183 11.22279 11.31639 15.94147 13.51316 11.91662 18.86508 25.8306 26.43591 28.00751 34.69888 38.72741 34.10218 31.6232
14.07387 24.97304 27.71777 23.09731 15.20754 10.99758 9.541569 8.955371 11.91662 17.01384 19.07751 16.96495 16.24843 21.44148 27.16824 26.79248 22.5702 18.36156 24.99464 27.06877 27.03548 27.27337 28.88856 29.8258 30.45034 30.49673 27.02119 18.76578 12.2584 11.14828 17.54045 25.86473 22.9733 19.67666 14.76276 17.93701 18.03938 22.60994 23.81005 24.99644 27.62158 25.19483 16.75831 4.489079 7.326674 17.13833 19.41882 15.72494 17.12623 16.56109 20.85393 25.42764 18.03938 9.210612 11.52994 14.54353 19.97729 24.70611 21.92906 14.16926 5.804088 5.960929 16.33209 16.72096 17.04127 26.36167 37.03046 36.1805 32.56
4.111136 12.52431 21.59384 24.55896 17.92845 11.22279 12.78398 16.25166 18.5268 19.30766 15.40874 8.955371 13.12117 24.52011 34.75657 31.52676 21.85251 13.0879 19.49331 19.19042 16.62087 12.5985 15.52183 19.09068 23.66222 24.11686 15.80531 6.756975 3.432928 2.755154 5.497625 16.06969 17.12623 12.45843 15.43968 19.89771 19.707 25.61047 26.68746 27.49862 33.083 31.7668 21.43247 10.81885 5.466009 12.16831 17.30656 19.99463 17.12623 14.00087 20.26224 26.89043 22.72854 11.00264 10.8343 16.66788 23.64462 25.58968 20.96815 10.61054 5.951251 10.41916 13.68852 12.41871 9.843509 16.38012 30.81531 38.21646 37.08985
3.630626 10.05241 17.79069 23.90271 20.381 14.78086 17.62534 18.37817 15.53547 13.36771 6.54979 9.59456 13.37177 18.71451 33.15543 34.78831 23.76351 7.427471 14.48071 16.76763 12.07747 4.884802 7.27966 13.0754 16.25166 12.61154 5.161368 4.450144 3.223003 4.752557 3.996495 2.755154 8.547325 7.549599 12.41871 14.54353 14.42873 22.69534 26.43591 26.46058 32.73731 34.45189 27.71777 18.21958 7.82439 11.63033 17.08078 18.47468 17.60197 13.76345 18.47468 28.60248 25.9124 15.1339 15.03505 19.72719 21.05615 15.72494 12.16831 15.72494 15.09163 8.386331 9.872017 8.180371 8.757113 11.9536 20.5991 35.58687 39.47755
3.893378 12.97067 19.27649 22.07887 21.2055 18.35047 18.73612 17.50518 14.71922 9.774722 2.161961 6.941267 6.425737 9.179891 28.64859 33.72368 23.90079 10.56834 13.59718 15.5491 10.53126 5.036533 9.826361 14.57667 17.06256 15.24246 15.50817 14.00087 6.941267 1.743318 5.07089 4.096984 3.483415 9.326366 11.63033 12.78398 12.57237 18.5268 24.47002 23.65635 27.09883 31.43949 30.35847 25.25334 15.14796 8.879185 13.75558 15.5491 17.39288 15.09516 19.00086 29.70746 29.89934 21.47971 18.48567 20.04657 20.09586 13.57324 7.758488 14.61338 19.16948 15.45684 10.17992 7.144702 10.74125 13.52921 16.38012 28.82035 38.06287
8.923711 20.77652 25.42238 24.72989 25.77414 25.88688 22.69534 22.40391 19.41109 6.756975 10.00203 8.652894 6.782412 10.56305 28.48519 31.11424 21.44373 7.82439 11.53955 10.61054 11.0279 11.72977 15.38463 20.61812 23.48734 23.61329 25.2675 26.4145 22.55135 16.61145 9.687997 5.883046 2.488221 7.526858 9.91178 13.48099 14.49922 17.87695 25.70715 25.16816 21.56483 23.84293 27.16982 26.4885 19.60817 3.093917 11.26724 17.23471 18.79268 18.31994 20.22326 27.77401 33.24934 27.29526 18.03938 17.74158 17.13833 7.602386 5.951251 10.06356 16.14798 19.74483 16.62087 14.96396 17.06256 19.40336 19.35688 25.75012 34.3331
13.42853 23.64658 26.06129 26.24717 29.56787 27.98506 22.39967 20.91698 9.843509 13.79878 20.66795 17.50518 15.31894 19.88773 26.4885 26.03432 22.13711 13.6608 13.94292 12.56365 14.45474 14.21857 14.42128 20.77652 18.14946 11.77679 12.36109 18.755 22.0659 22.18225 18.86508 14.03166 10.30573 9.049644 8.075312 7.669694 9.826361 14.52878 23.74019 28.53452 23.89308 21.06769 23.65244 24.85918 21.92033 12.24044 5.466009 11.9536 16.86048 22.94879 18.50762 21.98133 34.02033 34.45493 24.65476 17.4166 16.22581 5.194883 4.967091 7.846229 12.49361 18.19998 15.94147 13.97 16.45344 20.09586 19.05641 20.04657 25.03954
19.86776 25.81009 26.91283 27.39803 27.99255 21.77118 14.71559 7.326674 10.09696 24.58665 24.44771 16.26456 19.40336 28.10446 24.59772 23.2645 27.61546 28.51568 26.3567 25.29577 23.12766 17.70681 17.24671 21.43923 14.08919 3.056026 1.367734 7.602386 12.19993 13.89247 11.14828 9.88908 16.11868 18.87311 15.07398 9.774722 10.15235 13.62505 19.35688 27.88439 27.96707 23.87381 24.96583 25.0485 20.7058 15.04922 11.49144 11.49144 14.94613 22.26574 15.80197 16.80485 29.38448 34.54068 33.5311 28.15939 25.8306 18.00534 3.241021 8.757113 12.93696 18.7037 18.57328 13.3799 12.24044 16.07296 18.49665 17.96837 17.6049
23.21835 28.19936 28.2289 28.38315 28.40507 19.52403 8.290889 8.724687 22.70987 26.63062 19.71457 10.1413 17.62826 30.25957 25.2675 18.79268 23.92579 28.56637 29.72904 29.52289 26.17039 22.09615 20.50122 19.11963 8.847235 1.367734 0 3.863405 8.180371 9.843509 9.820638 9.308191 11.18312 14.42873 15.45684 8.828005 9.374647 14.69376 19.44198 25.49927 28.43279 26.8648 26.59154 23.64462 20.12535 14.73012 10.53126 12.3522 13.78701 16.33209 12.51993 12.19993 24.99464 34.5889 36.9544 31.81795 31.30158 33.83122 22.97534 7.015211 8.639772 15.72494 20.00949 14.94613 8.652894 12.32994 18.68204 22.70364 21.05615
26.47865 30.313 26.89043 22.66831 27.04024 28.52293 23.78098 27.5279 31.96929 26.94637 20.7058 16.61773 19.35688 30.03882 30.08241 21.42571 21.26256 23.54453 22.68703 19.09858 15.38463 13.42853 11.85625 9.699609 2.079382 0 1.367734 5.294125 7.76584 5.863409 4.740348 2.079382 3.630626 9.35054 13.86132 8.215076 6.39883 9.049644 15.25988 22.02693 27.26868 29.52153 25.3592 20.72469 23.41804 22.65374 17.63701 13.52921 11.26724 9.872017 7.75113 11.23763 18.18597 28.29813 35.62079 28.28195 24.74086 34.05043 35.91371 24.26998 8.724687 3.630626 17.23471 19.83024 9.326366 9.843509 14.66094 21.26256 21.29669
27.52944 28.75615 22.4778 20.33022 26.15701 34.36059 39.11756 40.11613 36.11855 30.00571 27.99105 26.87442 29.42983 35.70717 36.64295 30.65551 24.32819 17.9826 12.49361 8.180371 7.458199 7.458199 6.262506 3.149892 3.893378 8.215076 11.06316 13.48099 13.48099 10.44597 10.37611 9.687997 9.012061 9.511992 11.47697 5.036533 1.081366 4.578619 12.84797 19.95495 25.25334 29.74117 23.19421 17.24671 17.5815 18.51036 15.00666 7.458199 6.54979 1.450666 7.75113 9.629713 7.817097 17.12623 31.55937 23.51498 11.81893 21.77999 33.20137 31.96929 19.30766 8.215076 6.816175 20.61099 17.00774 11.0279 8.166446 11.17815 17.08078
27.2452 24.06359 17.17756 18.05921 24.51455 30.70387 32.53841 29.09572 24.28502 20.79767 18.35047 17.39881 20.78827 30.1968 34.79128 31.23281 24.72989 17.60197 14.19584 12.24494 9.582811 5.161368 0.3419944 3.817997 10.8343 15.7115 18.50762 20.08847 20.76711 21.75133 22.72854 21.93779 21.46173 19.19042 19.83775 17.30656 13.97 9.699609 14.61338 17.02908 19.67666 26.6615 25.11112 19.707 16.92817 17.29162 16.81723 8.103468 4.591266 5.326786 5.549908 4.111136 9.820638 17.37803 28.85592 21.22607 9.843509 12.69378 24.47002 32.97042 28.78614 19.16162 7.176695 11.31639 20.5395 17.63409 10.44061 7.015211 9.629713
27.82097 18.57601 16.50737 16.48519 19.6488 18.9823 14.96396 9.59456 10.02445 7.76584 4.437088 2.733911 1.9339 13.05035 22.88324 22.40391 21.8064 19.76749 14.92112 11.22279 11.34578 7.27966 3.149892 7.882484 15.20754 16.31604 15.50817 17.59905 22.46094 29.05085 33.5311 33.46783 32.19373 28.19936 25.29577 22.3169 23.16803 22.72854 22.6454 17.90558 13.68456 17.35127 19.60817 15.76519 13.43662 18.27542 21.51112 13.25331 7.015211 9.22287 5.79414 5.508122 12.37885 18.67933 26.2821 20.19395 11.68727 8.879185 12.80535 25.03954 30.00571 27.59246 18.04788 9.511992 16.04021 22.09184 22.48833 17.63409 12.6289
24.11686 14.71922 16.31604 16.72096 15.99093 13.68456 11.84227 8.433623 8.270286 3.415931 1.081366 1.232903 1.081366 8.386331 15.72494 15.34318 14.00472 15.94147 13.36771 11.34578 13.14192 9.494198 5.326786 9.547472 16.78625 15.45684 14.1083 18.31161 26.16203 31.37983 32.90606 33.72263 33.19044 27.46773 21.7998 20.54905 24.96223 27.44298 24.94781 20.01691 14.80976 17.38991 20.84457 15.35355 11.22279 9.494198 13.37177 15.42594 14.42128 13.12117 9.416676 10.20192 14.68647 17.8195 25.80154 22.85242 12.83946 7.488795 6.782412 16.22905 24.88093 28.21561 25.64506 15.10574 7.882484 11.7439 18.57601 18.62504 16.16098
16.42798 11.26724 12.52431 15.5491 16.27745 19.1721 19.36205 19.31804 17.16249 13.65683 10.88049 9.111915 6.941267 11.28201 13.52921 10.89584 10.85999 15.12335 17.13833 14.38026 14.52878 12.2584 9.049644 11.53955 17.90272 16.66788 15.20754 21.61166 30.93478 33.10279 29.33624 28.72897 31.60636 27.5279 20.31083 21.1597 25.03236 25.35744 22.06158 20.61812 21.93779 26.27546 26.82466 19.30766 16.36413 17.62826 20.26224 21.20779 18.21958 16.30319 11.70618 14.48811 17.08078 16.38012 24.67495 27.98056 16.26456 5.951251 6.253308 16.02052 23.73436 27.45536 27.43679 16.56109 7.357841 3.38168 5.642766 8.215076 8.270286
15.67109 13.79878 15.34318 16.59573 16.27745 21.03073 25.65025 26.2821 26.59317 27.69035 25.65025 20.92862 17.79069 19.09858 18.50762 16.40886 16.42798 18.45268 22.30625 20.6561 17.24671 16.07296 12.04091 15.43968 21.47971 19.49331 18.88647 26.5049 32.79226 26.36167 17.56685 16.51686 26.05455 30.58527 30.58527 32.45634 29.09712 24.88093 22.70364 25.3592 29.94729 31.22296 26.15701 20.09586 21.29442 24.53862 24.91531 19.54192 13.75165 14.30532 7.216478 15.31547 17.90272 17.4934 20.58958 28.2289 19.95495 5.642766 9.130507 17.77627 24.88093 26.94159 25.4731 16.11868 7.549599 4.740348 4.1533 6.80775 5.466009
15.03859 11.79554 11.7439 10.50469 8.433623 8.955371 11.53955 13.07122 14.24126 16.65536 17.51989 14.73012 12.84797 15.43968 16.69601 12.13206 9.488259 12.19993 21.1597 25.16816 21.51336 19.73727 16.50737 19.53426 23.25849 20.31083 20.90998 25.97178 26.82627 19.34653 15.5491 14.26014 19.25567 27.52944 32.68443 34.29943 30.47742 28.45319 24.81559 24.55342 26.92562 27.62005 26.73278 25.86303 23.52878 21.43923 20.381 15.59328 7.904154 8.692131 7.46586 16.14798 18.22238 20.09586 18.24195 26.28875 23.90271 11.3213 17.24671 24.16428 28.40653 27.20755 24.91892 16.91896 7.488795 5.883046 4.641501 8.166446 9.488259
12.06377 2.464664 0.4836473 1.232903 1.367734 4.641501 8.386331 11.0279 12.38772 13.37177 16.69601 18.48567 16.50737 15.79195 17.29162 15.67446 12.97488 12.56365 20.49643 26.90164 26.92722 26.61598 25.01081 25.81864 26.09493 22.2294 19.16162 19.64626 22.50305 22.26788 20.78827 17.86835 16.94351 21.23976 22.85242 20.5132 21.10456 27.29526 29.8258 32.99698 36.58187 36.93272 36.59606 35.37035 31.026 23.08313 17.21068 16.16098 15.39841 5.951251 8.547325 16.38012 18.19998 16.64596 12.66355 24.79375 28.19492 15.38463 18.74691 24.19833 25.54802 24.28314 21.64503 12.68084 5.12763 4.788993 2.733911 3.149892 8.724687
16.17722 9.049644 9.820638 8.961689 7.925761 10.74125 14.49922 19.29987 23.43589 26.71499 28.93388 29.29202 31.60275 33.76488 32.33822 29.73847 28.06128 27.99105 32.82246 37.43487 36.63499 34.86641 30.59039 27.36229 25.52714 20.50362 17.06256 20.00949 27.04024 27.30619 22.63915 16.64596 10.27307 8.567225 9.547472 13.23276 20.24032 28.60248 35.50459 39.26495 40.24314 39.10622 38.03052 34.19905 29.73847 24.40859 17.60197 13.78701 17.08078 20.62763 19.75491 21.93779 20.23057 13.41639 9.130507 23.52878 28.71751 20.09586 24.55157 27.67509 26.61109 24.46259 20.58958 13.82618 7.015211 2.755154 1.743318 1.232903 4.641501
21.85251 18.14946 19.54192 21.02842 18.66307 15.80531 17.79069 20.91698 24.15481 29.50651 31.77394 32.79226 36.22136 36.98556 36.59606 35.4476 34.5155 35.07707 37.94853 38.69872 35.66028 33.76594 29.53517 24.46259 19.42397 17.87695 21.29669 28.83316 32.36353 27.48164 22.39332 17.74158 14.24882 14.13882 16.78625 21.71819 24.72989 26.78765 30.3117 33.52253 34.42658 34.17335 32.7182 29.52153 25.20548 21.42571 19.75491 16.45979 18.66307 23.81005 24.99644 28.51133 29.09152 20.31083 14.39519 23.51498 25.44339 17.87695 22.11125 28.54611 31.64241 30.59167 27.74971 24.12446 16.77073 12.14567 10.88049 7.846229 2.899475
26.91603 27.47855 29.44629 33.54394 34.19905 30.94605 30.21775 29.57603 29.19764 31.84643 30.89338 31.08943 31.57384 26.4885 24.5885 26.6615 28.84739 32.45634 36.57921 36.14682 31.28196 27.49862 24.90446 23.12766 22.34879 27.09409 31.52676 33.15543 29.90067 24.48488 22.35091 18.96372 16.69601 16.11868 14.38026 12.78398 12.86922 17.10201 22.09399 25.60354 27.04024 23.56027 18.24195 23.83326 24.58665 24.66761 25.79127 24.52011 21.44148 19.72971 20.71289 27.86328 34.71481 30.3273 24.40859 26.6615 22.40391 13.81053 14.09301 19.54703 25.5428 24.07312 21.85251 22.7389 18.45268 17.00164 15.94147 13.46488 10.81885
28.07469 32.07722 32.73619 35.46187 38.39785 39.05852 38.36301 36.46796 34.98432 32.24937 25.80154 25.01081 24.62534 17.79069 14.30532 17.35127 22.9733 28.75329 31.18844 30.36496 28.11189 26.94159 25.49927 23.48734 27.13673 32.39567 31.57264 24.20588 19.10648 19.09858 16.04021 5.951251 3.893378 8.018686 8.961689 11.26724 14.38026 21.09765 23.13776 14.57667 14.97821 10.68918 6.169895 15.36737 18.62504 23.12968 27.02119 26.85036 23.13776 21.3602 21.64503 25.20371 32.21809 29.08031 27.17454 29.82446 23.85838 16.92817 13.86132 16.68664 22.67871 21.29442 17.81087 17.08078 13.12117 15.34318 17.74158 20.12781 16.53584
30.34679 33.29501 26.4885 23.52089 26.89043 32.16584 33.58666 33.35462 35.38659 32.80904 27.2452 24.70611 23.5465 21.17116 23.51498 28.88998 32.55659 32.67428 28.86444 26.90164 26.32028 24.85918 23.98144 24.38059 27.46773 29.48464 25.2675 17.01384 12.19993 12.14567 6.891513 12.28976 21.47971 23.576 18.57601 12.66788 13.52921 22.5723 24.67495 17.27068 18.21958 16.64596 5.79414 7.925761 15.62717 20.81879 25.93278 26.92562 25.01081 22.5723 19.67666 18.58146 28.696 29.42983 28.12675 28.85449 28.19492 25.21613 17.92845 17.8195 20.09586 18.7064 14.22992 15.69468 20.07369 19.52659 20.12535 26.40625 23.20025
30.59167 29.05085 20.99136 20.12781 21.42571 24.88093 27.46773 28.45319 28.95649 27.32335 30.39994 33.44955 30.74321 26.18377 28.75329 33.95058 32.63364 27.79826 21.92033 20.72469 19.79513 14.1083 13.59718 15.80531 17.48456 17.90558 14.52878 9.130507 3.630626 6.891513 14.13882 19.56489 23.28852 22.07455 26.39635 21.85251 15.24246 20.01691 20.10569 16.19668 16.38012 16.31604 15.03505 14.41011 19.93009 23.28852 22.88735 23.65244 23.98718 21.43247 20.39548 22.75132 30.10219 31.86066 30.49287 29.94729 32.80009 32.75527 23.16803 18.74691 18.67933 14.52878 10.17992 15.62717 15.73501 12.45402 14.38026 22.09399 25.22323
19.68678 18.27264 19.73727 17.48456 9.962653 12.0957 13.1709 11.70618 11.52994 10.17442 18.58146 23.13776 19.09595 15.19005 17.87695 19.82773 13.6608 9.124314 6.891513 11.41887 14.08919 16.20963 19.47024 21.58268 23.74019 26.39635 22.84419 9.582811 8.263406 10.27307 12.71532 16.06969 20.91698 12.69378 24.86643 29.28648 21.82178 18.79268 18.22797 16.16098 16.42798 18.28657 21.62279 24.04071 23.48734 22.85242 18.24195 19.56489 22.43773 22.48833 21.77118 25.27457 31.4565 33.89101 32.57589 31.8322 38.21646 36.73456 23.75574 22.2294 24.70061 21.9356 17.19865 11.41887 8.652894 8.075312 13.86132 15.5491 16.36733
13.75558 20.64662 28.40653 23.38427 16.25488 19.83024 20.00702 15.83199 17.4166 20.02928 19.56489 13.76738 4.371216 2.464664 10.04682 14.76276 16.07296 18.35047 20.7624 24.34505 29.42434 32.90606 32.82693 30.17713 29.28094 33.84908 36.4876 27.18241 16.25166 9.872017 6.461432 13.62505 19.54703 5.960929 17.39288 29.01289 26.26215 18.04788 22.2401 21.71155 20.77887 20.00702 18.57601 23.6876 16.53584 5.337627 8.49402 12.84797 16.61773 20.3181 18.50762 19.52659 26.2821 31.4565 32.07838 33.05328 43.93198 40.7708 23.36238 20.76005 26.00899 27.85724 21.83277 18.81417 16.01395 10.44597 15.42594 14.74827 12.41871
19.41882 23.26049 34.03694 36.06827 27.86328 23.33647 21.61166 15.67446 15.83199 24.02353 31.05961 31.05961 23.66222 17.12623 18.92914 24.94781 29.19207 30.47742 30.70387 30.54427 30.04411 29.7627 32.1414 31.00605 28.33923 31.29545 37.73219 36.1914 23.65244 10.44061 6.141831 15.1339 14.68647 2.079382 16.90974 26.32193 25.3187 19.25567 22.94879 27.34828 25.95314 18.61688 14.48071 21.35794 17.13833 9.326366 4.553219 6.253308 9.826361 17.2976 18.49665 16.10563 21.09535 26.63225 27.78614 30.24259 44.26605 42.53576 29.27124 26.53928 26.2555 26.23551 23.54256 24.403 22.68495 20.66795 19.92511 16.31283 15.12335
27.65829 28.9833 32.42088 36.93099 33.72263 28.65434 23.54453 16.22905 15.57291 22.67871 30.3273 34.197 32.70245 29.01289 29.49421 31.47227 32.55659 33.87844 34.19905 30.20597 19.97729 14.42128 21.7998 23.92579 21.07461 21.813 28.66584 35.50174 33.40216 25.84597 19.95495 15.57291 9.6414 1.709485 18.00534 21.26939 23.00185 21.67167 16.13496 24.87187 30.78878 26.82466 20.50362 20.7058 17.29162 12.73253 7.904154 3.996495 4.277265 12.45843 15.5491 14.08919 18.45268 22.92015 24.15481 27.77401 38.49878 38.39785 33.233 29.68991 25.18239 23.25648 22.38697 23.49722 20.94724 20.84457 22.98554 21.77999 23.3783
31.83576 34.42658 31.84643 32.78666 33.0918 34.86246 36.14773 34.28922 32.02921 31.03472 31.14891 34.42658 34.9402 32.51224 30.40512 28.39192 28.56781 30.22952 31.08943 31.96929 25.26219 13.52921 13.97 13.59718 15.38463 18.62504 23.2103 30.86572 35.09264 31.84643 25.03057 17.35127 10.22935 6.688652 16.72096 17.02908 22.48412 21.71155 15.79195 21.90504 28.43279 27.88439 24.66761 22.28494 16.81723 12.16831 8.152494 4.371216 5.466009 8.672536 9.012061 12.13206 17.79069 23.37233 25.95992 26.76669 29.53926 31.6268 29.09152 27.71777 25.62605 19.58782 18.05921 20.90066 20.03669 17.17756 18.80075 20.381 25.07537
