ASCII/slope.txt
ncols         489
nrows         533
xllcorner     593175.11526712
yllcorner     2721796.0885475
cellsize      29.61580496
NODATA_value  -9999
[rows 360 to 389 of 533, columns 138 to 206 of 489]
23.65635 23.64462 28.11189 27.86931 28.40507 26.28875 24.80104 26.34843 33.54715 38.89614 41.33919 41.18338 42.25467 38.08871 31.33464 27.37006 27.78765 27.73603 29.2046 31.88906 31.68438 29.73847 26.73278 20.6561 16.06969 15.03859 18.19998 22.70987 25.56886 28.07469 29.81374 27.13042 21.97481 18.79268 17.84538 15.36737 15.2285 16.56109 18.17475 12.14567 9.308191 16.06969 17.62534 22.40391 24.15481 21.29442 21.55812 23.77128 26.40955 24.46816 15.80197 14.22992 19.41109 19.52659 22.67663 23.30852 14.57667 10.09696 9.012061 10.04682 9.957014 25.58447 26.11677 14.03166 13.79878 14.13501 14.24126 21.71155 25.95314
17.36615 17.29162 25.44339 31.35175 35.5576 36.62262 35.53017 33.01356 35.02441 42.59965 47.60521 47.58443 43.65406 35.11305 25.50624 19.55468 21.21465 23.09731 30.49287 34.79128 33.56531 32.24937 32.86376 32.55659 29.14187 25.92429 26.61598 27.03072 26.08148 27.71777 29.29617 25.38907 18.24195 15.72494 15.88518 13.65683 13.33106 13.12117 15.57291 9.494198 10.06356 16.38012 13.52921 11.22279 16.42798 18.90782 22.75339 22.63498 21.2055 19.49331 17.90558 22.74511 26.87442 26.80536 26.40955 24.58665 18.10723 14.03551 12.80535 11.96743 12.49361 26.92562 28.89849 18.27264 13.05035 11.14828 9.012061 16.81723 17.48456
11.23763 9.699609 17.56685 24.01206 28.2525 32.34743 33.04335 30.21906 29.85659 35.66779 42.36688 43.17768 38.21246 33.16419 29.3017 21.22607 18.24474 23.33647 30.67334 35.15573 33.63671 26.14193 26.52783 31.33586 33.5311 31.13778 27.21697 22.4525 17.62826 22.62872 24.28502 17.97122 12.20444 13.68852 12.97488 10.27307 10.96209 13.70433 16.30641 12.64624 12.61154 11.81893 11.47214 6.841383 12.37885 20.34716 23.52089 19.60817 14.71922 15.68457 18.21958 22.35091 25.2675 24.6566 21.71155 16.50737 9.22287 8.270286 9.099497 7.706822 11.3213 24.71343 32.8124 31.15262 26.05455 22.51987 16.90974 22.41871 21.97481
21.83277 23.46757 25.56886 26.49998 26.5638 27.06561 26.8648 26.55726 26.94159 27.62005 29.1265 32.57589 31.55454 27.70711 28.75329 25.54106 19.81771 21.77118 25.4923 36.71962 32.69682 16.69601 18.58146 18.57328 20.07369 22.07455 19.25567 12.86922 9.582811 17.78493 26.17039 19.27909 6.883184 3.678374 4.222625 6.141831 8.159473 12.84797 13.81444 9.012061 7.488795 6.782412 10.1413 7.152715 8.980614 14.71559 14.92112 10.53126 8.054126 15.38463 16.45344 15.20754 15.2564 14.30532 11.1383 6.505766 3.432928 3.817997 5.549908 3.98193 6.982448 17.79069 29.39136 35.09458 35.2012 33.94537 33.21992 35.37035 31.92687
28.77901 28.51133 28.2584 27.11937 23.77904 21.26939 21.2215 22.72854 22.98554 21.99655 20.19395 21.32167 24.34505 19.75491 19.08805 22.27428 21.15053 22.39967 28.62699 40.67273 32.56 15.72494 20.77652 20.61099 18.73612 19.13801 19.96984 17.83676 13.24921 14.31659 26.57849 25.03057 6.335589 2.733911 4.111136 7.46586 11.10831 14.00087 10.2403 8.698652 11.692 17.12623 19.58782 13.76738 8.828005 13.23688 9.872017 8.406633 13.0879 17.86548 15.09163 14.13882 14.12357 11.14828 8.487331 4.740348 3.516667 3.817997 6.141831 8.692131 15.31547 18.87578 24.55896 30.05336 33.42479 34.05872 32.55659 29.75059 22.7389
25.63988 23.20025 17.2976 14.52878 14.9247 16.06969 15.80531 15.80531 14.90681 12.78398 11.46247 13.62505 18.61688 17.24671 14.211 14.54353 19.09068 29.64391 39.01219 40.5389 29.36382 21.97481 27.44453 27.32958 24.05788 23.97952 24.5645 24.10166 18.6712 16.07296 26.67124 24.41792 6.141831 11.28201 14.66094 15.84198 16.04021 12.84797 9.820638 15.00666 19.98472 22.21656 20.43883 16.10563 9.374647 10.44597 12.20444 10.15235 14.80254 15.83532 12.79681 12.66788 13.07122 8.724687 8.075312 9.308191 11.96743 14.37652 17.12623 18.42237 17.01384 13.68852 16.53584 20.81645 23.46757 23.96419 21.67167 18.77116 18.04788
23.73436 19.95495 9.705409 3.241021 7.20854 9.962653 12.32994 14.211 12.52431 8.180371 6.756975 11.47697 15.79195 11.22279 7.549599 11.7439 23.61525 35.23691 37.17809 32.08189 26.6355 25.69854 27.17926 24.11876 17.53164 15.67446 16.06969 19.60817 22.22298 16.76763 22.94879 19.71457 9.161406 13.52921 15.55931 15.40874 13.05035 7.271794 10.30573 17.99113 17.00774 12.68084 8.961689 11.41887 12.45402 7.75113 14.52878 16.70849 13.57324 12.98749 12.34775 11.8049 12.80535 10.15235 11.16322 15.38463 16.10563 14.71922 14.39892 13.30657 9.130507 6.39883 7.015211 11.41887 16.40886 19.98472 21.76456 21.29442 20.90998
22.09184 20.12781 13.75558 9.6414 13.52921 15.99093 17.62534 17.57857 15.94147 9.25954 6.982448 16.59573 18.67933 6.982448 7.080265 19.1721 29.89934 34.01617 32.59402 31.37861 28.87721 25.2675 23.55241 19.70447 13.3799 12.5985 14.09301 16.02052 20.76005 19.1721 22.14572 24.86643 19.82773 18.22238 17.66031 16.16098 11.34578 7.458199 12.80535 21.71155 12.93274 5.79414 6.141831 7.82439 11.53955 10.75682 16.56109 18.39476 10.85999 12.45402 14.00087 12.56365 12.13206 10.53126 10.50469 14.09301 12.04091 6.816175 4.450144 3.516667 4.344583 5.194883 5.3915 7.961637 12.20444 15.24246 17.20165 16.68352 14.52878
17.90558 19.68425 14.73012 15.80197 23.48734 24.40859 22.25079 20.91698 23.02424 16.75831 7.846229 18.83295 18.57601 15.12335 21.42571 28.53163 32.60649 34.70286 36.08566 34.6929 30.97858 27.91751 25.27987 21.3602 17.62826 17.02908 16.33209 12.84797 11.72977 12.56365 20.4268 26.20716 16.22905 14.71922 14.12357 12.1502 11.46247 14.03166 20.00702 21.13905 10.15787 6.849764 7.458199 8.386331 14.43988 19.99463 19.44198 14.80615 8.904657 12.50678 12.34775 8.698652 9.826361 10.20192 9.582811 12.37885 11.34578 4.096984 1.841084 2.41686 2.755154 1.743318 5.161368 7.76584 9.629713 11.41887 12.51993 12.51993 8.904657
16.09257 21.26256 19.46254 22.5702 29.23796 24.26998 18.41685 17.44027 22.75132 20.94491 13.28611 17.12321 12.45843 19.07751 28.36267 36.40891 39.05169 41.03731 40.87635 37.03046 33.71416 31.17363 26.18377 18.8838 13.69248 9.957014 6.610914 5.161368 6.714357 3.817997 17.00164 22.48833 8.955371 7.20854 7.216478 6.335589 8.487331 13.59718 18.27542 17.56685 13.78701 13.24921 14.30532 17.48456 21.29442 22.62246 19.56744 13.52921 8.980614 11.76271 11.60652 5.883046 8.879185 8.879185 7.342275 10.78271 10.15235 2.41686 1.5291 2.41686 0.9672257 2.051114 6.425737 5.036533 4.641501 7.93295 9.88908 10.50469 10.20192
22.46094 24.38993 24.33569 30.313 33.00361 23.65244 16.45979 14.90681 22.63498 28.2466 24.87187 18.62504 10.05241 27.19813 37.95911 43.52582 42.82706 41.36402 40.29294 37.60212 33.40216 27.06561 20.78827 12.34775 3.149892 7.342275 10.06356 7.015211 4.111136 5.07089 11.91662 21.57376 14.48071 8.802296 8.652894 6.262506 5.497625 10.37611 13.40424 15.38463 14.00087 13.81053 16.38012 17.65158 16.70849 15.39841 17.35127 18.65764 18.36156 16.13496 11.47697 7.549599 6.891513 5.591373 5.549908 9.35054 9.843509 6.141831 9.099497 10.77754 11.28201 11.24257 5.960929 4.371216 4.591266 1.9339 0.6839644 2.464664 9.751677
26.13522 25.20371 28.10446 35.2956 35.75205 25.30106 13.40424 8.352377 13.81053 27.59706 34.69888 31.38471 32.24474 41.19923 44.9432 42.47402 36.70995 35.39805 37.66356 33.62182 27.11937 21.38508 19.19042 18.92115 15.38463 13.59718 10.52064 8.879185 6.169895 10.52064 8.352377 18.07335 19.54192 11.91199 9.308191 4.752557 4.277265 9.130507 13.86132 14.39892 9.494198 6.037778 9.22287 11.18808 13.89247 14.42128 14.52878 16.04021 17.4934 18.06487 16.68664 14.09301 10.15787 7.427471 6.141831 7.925761 11.41887 11.41887 12.47164 14.39892 15.14445 11.79554 8.724687 4.437088 3.516667 1.709485 1.409811 2.41686 8.386331
25.91409 24.50899 30.4787 34.85161 32.60649 27.98056 18.62504 5.161368 4.167259 13.23276 32.26324 38.88157 41.76673 43.52582 43.02943 36.88494 31.23281 29.90067 31.01353 20.91698 13.33106 14.96396 17.62534 23.2665 29.23657 23.2103 6.756975 13.82618 12.84797 9.130507 10.75682 18.7037 21.26256 13.28611 8.593681 6.576058 8.50738 11.18808 12.45402 10.06356 9.957014 8.263406 9.751677 13.1709 13.52921 9.494198 5.863409 6.037778 9.130507 11.9536 14.03551 14.78086 14.21857 13.8808 12.06377 10.81885 12.80535 11.77679 11.47214 6.883184 4.641501 6.80775 8.180371 4.12524 1.743318 1.367734 3.483415 2.079382 5.863409
30.79763 33.75116 35.35887 31.76441 25.33632 23.97952 20.28169 9.030873 13.82618 21.56706 30.83423 38.29309 41.07396 40.74158 39.03423 32.20882 24.6621 21.43247 21.72703 11.83761 4.437088 7.1045 10.15235 17.00774 30.07186 34.43367 26.41944 19.07751 12.28976 10.27307 13.69248 19.41109 19.11174 8.923711 5.326786 6.141831 8.487331 10.2403 6.841383 4.437088 9.130507 9.547472 10.28942 14.93542 16.04021 6.028227 0 5.951251 8.325109 8.847235 9.253439 10.15787 10.75682 10.6158 11.53955 12.20444 11.84227 11.3213 10.79822 5.508122 1.5291 4.437088 7.511657 6.037778 6.066339 7.46586 6.849764 3.678374 4.884802
39.8265 39.2986 31.68438 26.61109 24.23985 21.72703 18.17755 18.28657 25.14501 26.92722 26.52783 32.61102 36.39456 34.57987 31.43949 24.15481 15.99093 14.94613 16.31283 10.2403 5.508122 5.497625 5.591373 7.954475 18.58146 28.40653 28.47647 22.48833 19.25567 21.32167 23.39222 22.40814 14.69376 4.578619 3.056026 9.161406 10.58418 7.511657 3.694151 1.5291 7.216478 12.91583 15.1339 17.13833 15.80865 6.80775 6.39883 9.494198 7.549599 7.76584 8.270286 6.141831 4.591266 4.578619 6.280859 7.20854 8.180371 10.3491 8.075312 2.602791 0.4836473 1.841084 4.489079 6.141831 7.549599 6.425737 3.694151 5.305035 5.3915
40.67273 34.8101 25.58968 25.3328 26.34843 20.01691 17.08078 25.61566 27.33114 23.21231 20.3084 20.72469 18.93979 16.66788 20.61099 18.27542 13.75558 12.56365 12.8862 7.846229 3.056026 2.669161 3.694151 4.450144 7.997343 14.80615 19.1721 18.50762 19.34912 20.3181 17.8195 12.69378 5.960929 2.051114 5.161368 11.94436 13.59718 10.53126 8.692131 7.007035 7.882484 16.64596 18.79268 16.61773 12.2584 6.80775 7.882484 8.215076 6.216378 6.141831 7.706822 4.591266 0.6839644 1.5291 4.641501 5.3915 5.497625 7.639856 5.591373 1.025886 0.4836473 2.392597 0.3419944 4.317784 3.893378 2.188793 7.152715 12.13206 10.37611
36.52146 28.84739 21.43247 23.00185 24.05788 16.31604 18.27542 25.80154 24.91531 21.71819 18.45268 12.73253 6.028227 7.20854 16.25166 12.86922 5.116333 7.75113 10.53126 6.883184 4.591266 4.920241 7.152715 8.639772 9.957014 13.52921 18.08465 16.38012 12.07747 8.263406 3.996495 0.4836473 4.437088 4.167259 9.843509 14.26014 16.45979 12.66788 9.588688 9.547472 11.77679 19.60309 19.54703 13.99702 6.849764 4.1533 7.176695 6.891513 4.111136 2.669161 7.080265 6.028227 1.025886 0.6839644 4.884802 6.714357 4.12524 5.71392 6.941267 3.149892 0.4836473 1.993372 4.1533 3.415931 3.630626 10.3491 15.43968 16.38012 12.41871
30.409 22.13711 22.7389 24.30568 22.09184 17.48456 19.19042 21.29669 23.12968 22.07887 14.09301 4.371216 5.804088 10.49936 19.36981 14.43988 5.833826 7.93295 8.51405 4.825149 3.630626 5.3915 8.593681 11.18312 15.38463 18.44166 20.90066 19.60817 8.166446 0.3419944 2.9394 4.167259 1.081366 9.049644 15.83532 18.81417 17.55806 10.27307 8.215076 10.09696 13.19981 18.27264 16.02052 8.50738 2.919506 6.505766 9.179891 10.50469 4.8491 2.188793 8.054126 8.879185 2.669161 2.919506 3.223003 5.79414 4.788993 5.951251 8.180371 6.941267 4.111136 2.919506 3.093917 0.4836473 6.849764 14.5177 15.31547 10.81885 6.028227
19.72971 18.80075 26.6615 27.77401 20.71289 18.37817 20.10569 18.72802 20.12781 20.61812 11.91199 6.262506 5.326786 14.66459 21.09765 15.67446 10.02445 6.941267 5.12763 1.743318 0.6839644 5.960929 10.94175 12.66788 14.38026 16.17722 18.22238 22.72854 15.75514 6.576058 7.27966 8.166446 9.374647 13.76738 15.03505 14.80615 9.699609 5.116333 7.925761 12.51993 13.70433 15.162 12.45402 3.678374 3.093917 2.188793 8.955371 11.23763 5.951251 5.305035 10.61054 11.68727 2.817917 3.817997 1.841084 3.630626 2.392597 3.483415 5.3915 4.277265 5.217103 5.883046 3.364422 1.709485 7.93295 13.78701 14.13501 7.882484 6.253308
20.93095 23.29252 26.2155 26.57849 21.43247 20.61099 21.13905 17.66904 15.24246 15.99093 11.49144 7.080265 5.294125 18.22238 21.22607 15.35701 10.15235 3.483415 3.432928 1.709485 1.5291 9.957014 14.24882 12.49361 12.56365 12.05463 14.19584 22.69534 23.28852 17.29162 16.43117 18.27264 20.02433 18.08465 13.20806 9.635559 7.342275 8.152494 11.87486 14.83859 14.66094 12.61154 9.582811 2.051114 3.223003 0.9672257 7.357841 9.161406 8.652894 5.804088 12.61154 12.6289 2.464664 2.464664 0.6839644 3.516667 2.755154 4.111136 5.642766 1.9339 3.98193 8.399872 9.179891 2.919506 6.576058 12.86922 13.68456 11.34578 12.97067
24.59772 24.65476 25.73466 28.60248 26.08653 22.55554 20.94491 17.2557 14.07387 10.81885 7.303206 6.883184 8.828005 17.8195 20.45325 14.89248 9.88908 3.432928 4.277265 2.817917 6.280859 11.77679 14.13501 11.79554 11.31639 8.325109 8.879185 15.92494 17.56685 16.26456 15.67446 15.83199 17.08078 15.99422 12.80535 11.31639 11.6446 11.91662 13.75165 13.81444 11.7439 10.73606 5.823931 5.116333 1.709485 3.893378 5.217103 3.678374 4.884802 9.25954 12.80535 10.77754 2.602791 1.709485 0.7646863 5.194883 5.466009 5.07089 3.483415 2.079382 4.967091 6.280859 8.980614 7.152715 3.415931 12.49361 13.76738 11.692 12.49361
23.56027 25.08789 30.88961 33.63671 29.08031 25.13075 22.7389 20.58958 19.82773 19.13801 19.27909 18.74691 15.39841 15.83532 17.46096 12.41429 9.25954 4.489079 6.982448 8.263406 9.705409 10.6158 10.44061 11.68727 11.46247 5.07089 5.549908 12.20444 9.25954 6.39883 7.82439 9.452539 8.724687 9.012061 11.06316 11.0279 8.980614 7.882484 10.44061 10.1413 5.622267 5.591373 4.437088 6.80775 6.80775 9.440601 9.996412 7.82439 9.843509 13.76738 13.46488 9.872017 5.07089 4.12524 2.755154 6.39883 7.015211 5.951251 5.804088 5.951251 6.141831 7.75113 8.49402 7.904154 4.641501 8.159473 12.19993 9.996412 7.602386
23.42002 27.06877 30.22952 28.86444 24.78829 22.00957 19.63611 20.50122 21.1597 22.48833 25.41537 23.03034 17.16249 13.82618 14.52878 11.41887 9.130507 6.479203 8.075312 8.955371 4.641501 3.694151 7.232328 11.7439 11.34089 4.641501 5.305035 11.22279 6.094761 4.111136 3.415931 4.578619 6.782412 9.820638 8.51405 5.804088 3.817997 4.740348 9.35054 9.582811 4.591266 0.4836473 1.409811 4.641501 7.080265 8.215076 7.015211 6.505766 10.53126 14.00087 12.78398 10.99758 8.757113 7.639856 5.217103 5.337627 8.290889 6.479203 7.82439 10.50469 12.41429 13.0879 10.44597 7.015211 4.553219 2.817917 7.511657 6.841383 4.920241
25.3328 26.00899 24.72989 21.83277 17.55513 14.57667 14.48811 15.03859 16.63029 20.80002 20.77887 16.43117 14.5177 13.50914 15.09163 14.08919 10.28942 6.280859 4.437088 6.461432 7.526858 9.099497 11.47697 15.2564 12.41871 3.817997 3.817997 8.325109 10.78271 11.68727 9.547472 7.20854 14.16926 14.89248 9.59456 5.823931 3.415931 4.489079 8.567225 9.374647 4.8491 1.450666 0.4836473 3.516667 3.893378 4.450144 2.919506 4.222625 9.308191 11.34578 9.957014 6.253308 3.772037 6.576058 8.593681 5.07089 9.253439 8.386331 6.216378 6.505766 7.458199 7.007035 5.326786 4.167259 2.488221 0.9672257 4.222625 5.833826 5.863409
20.89366 19.11174 18.09594 18.65764 14.71922 11.47697 13.76738 12.78398 16.38012 18.93979 10.6158 9.308191 15.03505 17.12321 14.60604 8.215076 1.9339 3.241021 4.12524 5.549908 4.825149 3.772037 7.954475 15.61362 15.92494 6.841383 2.602791 9.422663 14.21857 15.79195 16.93124 14.93542 16.62087 13.75558 12.45843 14.08919 10.88049 7.925761 7.549599 7.82439 4.591266 1.450666 0.4836473 4.591266 3.415931 1.5291 2.188793 6.335589 6.54979 7.93295 10.6158 7.488795 6.216378 5.784175 9.049644 8.406633 9.494198 8.587075 4.553219 1.709485 1.232903 0.6839644 0 0 0 0 1.709485 3.817997 4.371216
14.78086 14.27899 16.72096 17.99113 8.270286 10.00203 15.92494 12.61154 12.57237 13.37177 6.688652 7.342275 12.20444 14.0777 12.51993 9.374647 6.891513 4.371216 1.9339 3.996495 7.216478 9.049644 8.166446 8.221999 14.08919 9.843509 10.28942 10.17442 11.18312 14.39892 17.55513 16.75831 12.04091 10.49936 7.639856 11.77679 12.80535 11.91662 10.44597 7.015211 2.817917 1.081366 1.409811 6.037778 5.455429 4.884802 5.036533 5.642766 5.036533 6.576058 12.45843 11.41887 7.271794 2.899475 4.1533 5.326786 6.141831 6.262506 2.755154 0.6839644 1.5291 2.188793 1.993372 1.025886 0.3419944 1.081366 1.709485 1.5291 0.6839644
11.80022 12.20894 19.76749 20.91698 10.15787 16.86973 16.19668 6.841383 5.07089 8.215076 11.18808 14.41011 9.588688 7.954475 10.15235 12.20444 13.31882 12.97488 14.21857 15.83199 13.23276 8.166446 5.194883 4.1533 9.820638 13.1709 12.87347 9.111915 7.326674 7.488795 8.018686 10.44597 9.820638 9.179891 5.497625 3.565957 6.094761 7.458199 7.015211 5.305035 3.630626 3.863405 7.015211 9.511992 7.846229 5.960929 3.863405 3.07503 2.9394 5.804088 13.76345 13.0879 6.280859 0.9672257 2.29297 1.709485 3.056026 4.920241 1.5291 1.5291 3.07503 3.98193 3.996495 3.093917 0.4836473 1.841084 1.5291 1.841084 0.7646863
10.31116 11.34089 19.36981 19.79764 17.56685 20.08847 10.50469 4.553219 4.437088 1.709485 7.846229 16.90667 16.09257 7.93295 5.455429 5.804088 6.54979 7.27966 14.83859 18.50762 17.35127 13.57723 9.59456 8.487331 11.16322 13.3799 10.15235 9.768966 9.687997 6.028227 1.409811 3.056026 5.07089 4.967091 1.709485 2.051114 3.364422 3.415931 2.051114 1.232903 3.38168 5.951251 8.263406 7.152715 4.450144 1.993372 1.9339 1.993372 2.755154 6.849764 12.97488 11.46247 7.007035 2.669161 2.188793 2.488221 2.919506 4.641501 0.4836473 2.919506 4.553219 2.602791 3.149892 3.817997 1.232903 2.161961 1.709485 2.079382 1.025886
11.5922 15.01021 17.77627 15.99093 20.17438 22.27428 9.872017 6.80775 5.823931 4.277265 3.432928 11.34578 17.99682 14.39892 8.290889 3.772037 6.505766 8.593681 14.1083 12.04091 11.68727 12.93274 10.58418 7.82439 12.78398 13.4447 7.93295 8.352377 9.843509 5.3915 2.755154 1.367734 1.232903 1.232903 0.6839644 3.415931 3.432928 2.733911 4.641501 4.489079 4.641501 4.489079 4.317784 2.669161 2.161961 0.3419944 2.817917 0.7646863 3.817997 8.406633 11.99964 8.639772 6.141831 5.883046 2.919506 1.993372 3.817997 3.565957 0.3419944 3.38168 3.893378 1.709485 3.432928 3.364422 1.450666 0.7646863 1.232903 0.4836473 2.602791
19.41882 15.72494 14.00472 14.13501 18.60599 24.68596 17.6952 11.68727 9.820638 8.290889 6.54101 7.75113 13.57723 14.69376 12.37885 6.688652 8.406633 12.3522 12.49361 6.132447 1.993372 4.167259 5.206005 3.093917 10.61054 8.50738 3.772037 5.951251 7.080265 5.455429 4.825149 3.415931 2.899475 3.75659 4.344583 6.54979 7.015211 7.458199 8.159473 6.883184 6.610914 6.610914 4.578619 4.1533 5.3915 5.591373 5.3915 3.996495 4.1533 8.955371 11.4528 7.232328 3.98193 5.497625 5.116333 2.488221 2.755154 1.367734 0.3419944 2.755154 4.553219 3.863405 1.081366 2.41686 2.755154 1.025886 0.4836473 0.7646863 2.755154
