ASCII/slope.txt
ncols         489
nrows         533
xllcorner     593175.11526712
yllcorner     2721796.0885475
cellsize      29.61580496
NODATA_value  -9999
[rows 330 to 359 of 533, columns 345 to 413 of 489]
22.70987 18.87578 15.84198 17.04127 16.20963 13.94292 10.44597 7.76584 8.386331 9.957014 12.80535 13.36771 12.20894 11.17815 6.169895 3.996495 3.772037 1.993372 1.232903 0.6839644 0 0 0 0 0 0 0 0 0 0 0 0 0 0 0 0.3419944 0.7646863 0.7646863 6.461432 8.652894 5.960929 4.8491 2.602791 3.893378 2.079382 0.9672257 3.093917 4.450144 2.919506 2.29297 5.833826 8.487331 7.602386 5.206005 3.893378 2.602791 2.051114 2.161961 3.056026 9.253439 12.07747 7.639856 3.678374 0.9672257 2.899475 6.883184 13.49307 12.52431 7.82439
19.13801 16.92817 15.75514 18.45268 19.00616 18.65764 14.71559 12.14567 11.77679 9.588688 10.58418 12.48922 14.07387 15.94147 14.60604 10.88049 8.487331 5.3915 2.755154 1.5291 0 0 0 0 0 0 0 0 0 0 0 0 0 0 0 0 0 4.317784 10.09696 8.847235 5.508122 5.79414 7.602386 5.337627 0.7646863 0 1.450666 3.893378 5.337627 4.096984 5.206005 9.547472 12.50678 11.51552 9.957014 8.221999 6.54101 5.116333 3.694151 6.80775 9.996412 8.51405 7.846229 4.884802 3.893378 8.325109 11.34578 8.208148 4.752557
17.13833 12.56365 11.64935 14.84579 19.11963 22.11125 17.55513 15.63055 15.99422 9.843509 7.639856 8.724687 10.17442 10.48338 10.8137 9.179891 8.325109 8.325109 6.479203 3.093917 1.450666 1.232903 0.7646863 0.3419944 0 0 0 0 0 0 0 0 0 0 0 0 1.367734 7.326674 10.74125 6.610914 5.161368 5.804088 10.41916 8.352377 1.5291 0 2.29297 5.823931 6.037778 2.817917 1.025886 3.241021 7.639856 11.23763 11.79554 10.78271 9.59456 7.46586 4.277265 3.364422 6.037778 7.882484 6.941267 5.622267 8.221999 8.433623 7.706822 8.103468 3.98193
18.74421 11.692 6.891513 10.6735 15.88518 22.85448 19.27909 18.0167 20.90998 12.84797 8.593681 7.481159 9.635559 9.843509 8.847235 5.622267 2.161961 5.883046 7.846229 4.437088 2.464664 1.743318 1.025886 0.7646863 0 0 0 0 0 0.3419944 0.4836473 0.3419944 0 0 0 0.3419944 2.919506 8.215076 10.61054 7.342275 6.505766 5.326786 11.06316 12.04091 4.553219 0.3419944 3.415931 6.335589 5.206005 2.392597 0.7646863 3.223003 3.678374 5.549908 7.954475 7.76584 7.706822 8.49402 5.194883 1.5291 4.12524 8.808731 7.458199 5.294125 9.6414 10.09696 8.180371 9.541569 10.88049
20.9844 8.652894 1.081366 3.432928 8.263406 23.48734 27.17926 24.55342 23.2103 12.7797 7.152715 7.488795 11.6446 11.80022 10.74125 8.386331 6.756975 6.280859 5.194883 2.733911 3.241021 2.755154 1.5291 0.9672257 0 0 0 0 0 0.4836473 1.025886 1.9339 2.188793 1.709485 1.709485 2.602791 4.788993 10.37611 12.8862 9.155234 4.553219 1.081366 7.176695 12.20444 7.458199 2.188793 7.176695 9.155234 7.549599 5.036533 4.578619 3.893378 4.740348 1.709485 2.899475 2.602791 1.232903 7.961637 7.93295 1.081366 0.9672257 7.20854 9.179891 9.699609 12.48922 14.92112 15.31547 14.24882 15.17954
15.1339 5.508122 2.9394 4.437088 7.511657 22.29134 32.34743 26.30037 18.31994 8.075312 1.709485 4.111136 10.41916 10.31116 6.610914 3.149892 4.111136 4.12524 1.409811 1.841084 4.371216 6.461432 5.455429 2.161961 0 0 0 0 0 0.4836473 2.29297 2.817917 4.111136 5.07089 5.07089 5.337627 8.215076 14.52878 15.09163 8.904657 4.317784 2.079382 4.553219 11.1383 11.22279 10.09696 12.61154 11.77679 7.925761 4.825149 4.641501 4.591266 1.743318 2.188793 1.841084 1.5291 2.488221 8.103468 8.847235 1.743318 0 3.149892 5.622267 7.152715 9.326366 12.20894 15.38463 15.99422 14.27899
13.10455 10.09696 9.124314 11.91199 15.80865 19.86526 32.51224 29.30861 14.68647 5.326786 1.409811 3.093917 9.843509 12.36109 8.215076 2.755154 4.167259 6.280859 7.549599 8.215076 9.308191 10.1413 10.56834 5.194883 0 0 0 0 0 0.4836473 2.464664 2.755154 2.29297 3.056026 3.630626 4.222625 9.635559 14.92112 13.36771 8.208148 9.565159 10.77754 12.91583 16.13496 16.79555 13.37177 9.774722 5.79414 2.41686 3.149892 3.630626 2.755154 1.743318 1.709485 3.241021 2.669161 2.919506 6.714357 8.821585 4.489079 1.025886 0.6839644 1.743318 2.817917 4.317784 5.79414 7.954475 8.904657 7.511657
14.31659 12.86922 13.23688 17.59905 22.65374 25.27987 30.88961 27.37939 12.07747 3.772037 1.993372 3.093917 7.549599 11.70618 8.567225 2.669161 4.884802 5.951251 6.714357 7.458199 7.458199 7.549599 12.37885 8.51405 1.367734 0 0 0 0 0.3419944 1.709485 3.432928 4.578619 3.223003 2.9394 5.883046 12.41429 15.53547 13.57324 11.00264 14.211 17.13833 16.51686 17.29162 18.87311 15.80865 7.549599 2.602791 1.5291 2.29297 2.669161 4.222625 5.549908 7.549599 7.015211 4.641501 4.111136 6.891513 11.70618 11.53955 7.669694 2.733911 0.3419944 1.081366 1.993372 2.755154 3.817997 5.71392 6.576058
13.68852 11.10831 10.30573 13.10871 17.84538 17.89127 19.19042 20.17438 11.34578 3.630626 2.919506 3.364422 4.111136 9.872017 9.872017 7.27966 7.76584 7.015211 8.386331 8.961689 5.784175 6.849764 11.34089 9.588688 3.056026 0 0 0 0 0 0.3419944 2.161961 6.280859 6.39883 6.362772 10.02445 14.13501 16.38012 16.66788 16.53267 15.48082 11.87486 9.130507 10.77754 14.39892 16.69601 12.73253 7.46586 4.825149 3.415931 4.884802 10.04682 15.36737 16.27745 13.95067 11.63033 8.352377 7.015211 8.724687 11.00264 13.12117 10.6158 4.641501 1.367734 0 0.3419944 1.841084 5.07089 6.169895
7.639856 2.161961 3.893378 8.955371 16.16098 15.19005 12.05463 16.25166 17.66031 14.26014 7.846229 3.863405 6.262506 11.41887 14.60604 14.03166 14.74827 14.78086 14.37652 11.92587 9.210612 9.253439 10.41916 9.768966 4.578619 0.6839644 0 0 0 0 0 1.081366 6.54979 9.030873 7.46586 8.325109 10.30573 15.01731 16.22905 11.22279 3.863405 6.80775 1.450666 3.432928 7.152715 12.02717 11.87486 11.96743 13.07122 14.21857 15.83199 19.19042 21.05615 20.17438 17.8195 14.73012 8.159473 3.483415 4.1533 7.080265 12.2584 15.76519 13.19981 8.270286 4.740348 2.602791 1.709485 1.993372 3.364422
3.772037 5.466009 6.54979 10.56834 16.66788 16.01395 13.62505 17.01384 20.50122 20.99136 15.40874 8.652894 8.215076 10.31116 13.79878 12.38772 11.91199 10.53126 7.357841 4.317784 9.547472 9.751677 11.1383 12.07747 6.425737 0.9672257 0 0 0 0 0 0.3419944 4.437088 10.61054 11.0279 6.982448 8.180371 14.13882 15.01731 13.25331 11.22279 9.253439 3.630626 5.07089 4.752557 8.221999 4.111136 7.961637 13.41639 17.05648 17.9826 16.80485 12.98329 9.843509 13.28611 14.09301 8.270286 4.967091 5.326786 5.591373 6.891513 11.94436 15.92494 15.31547 11.52994 7.271794 2.161961 0.3419944 0.7646863
8.567225 6.262506 1.025886 7.526858 15.40874 15.35701 14.84939 17.08078 18.24474 19.96984 15.38463 6.505766 1.367734 2.464664 4.12524 3.38168 4.740348 7.961637 7.706822 8.386331 8.847235 5.960929 9.582811 13.0879 7.232328 0.9672257 0 0 0 0 0 0 2.29297 9.547472 12.93696 8.955371 8.652894 11.07823 10.41916 9.91178 7.46586 5.951251 5.206005 7.76584 8.821585 4.437088 3.565957 7.93295 10.2403 9.440601 8.352377 5.883046 1.993372 12.52431 17.55513 12.56365 4.641501 2.817917 3.415931 5.036533 8.215076 11.99964 15.80531 17.13833 14.74827 10.48338 6.479203 2.488221 1.709485
7.75113 6.816175 4.111136 3.996495 13.14192 16.53267 14.84579 13.51316 17.93701 19.25567 15.67446 9.705409 6.425737 9.030873 11.77679 13.5892 16.38012 18.93979 18.88647 16.56109 11.49144 7.458199 10.90606 10.68918 5.823931 3.432928 1.025886 0 0 0 0 0 1.025886 6.54979 12.98749 13.43662 11.31639 10.17992 8.652894 7.342275 4.450144 2.817917 3.38168 4.8491 3.694151 3.415931 8.51405 10.6158 8.325109 2.161961 2.669161 6.610914 14.63169 19.90768 16.99248 7.549599 0.9672257 3.630626 5.951251 10.27307 14.30532 14.67189 14.67189 15.98764 15.94147 11.84227 9.161406 6.362772 4.641501
10.28942 12.49361 12.84797 6.941267 6.610914 11.06316 11.00264 14.80615 20.91698 19.54192 18.05921 13.07122 7.846229 10.50469 13.52921 14.09301 12.66355 10.61054 11.24257 10.81885 9.25954 6.756975 8.166446 6.028227 3.893378 4.317784 2.29297 0 0 0 0 0 0 2.079382 8.652894 14.211 14.39519 13.62505 13.89247 12.14567 8.215076 3.056026 0.4836473 0.4836473 3.893378 11.18808 12.79681 7.997343 2.755154 3.98193 4.884802 8.263406 15.57291 13.57324 6.816175 4.884802 6.253308 5.337627 8.399872 12.47164 12.28976 8.433623 9.511992 14.70468 15.96457 11.00264 8.263406 6.169895 3.516667
19.95495 22.39332 25.78956 26.64526 27.70711 31.04593 30.93478 30.04411 28.96214 25.47834 19.86526 12.13206 7.511657 7.216478 7.152715 6.54979 3.678374 2.464664 0.9672257 2.488221 5.622267 6.739961 8.593681 7.342275 5.194883 4.111136 2.29297 0 0 0 0 0 0 0.3419944 3.772037 10.2403 12.8862 10.48871 11.26724 11.6446 9.179891 7.549599 3.565957 1.081366 12.66788 19.707 15.38463 8.757113 4.489079 6.80775 6.094761 7.342275 13.14192 9.588688 3.817997 6.425737 8.018686 3.893378 7.602386 9.565159 6.094761 2.899475 7.46586 13.05035 14.45474 8.672536 7.488795 7.526858 7.1045
19.76749 19.13801 21.10456 24.17753 25.93957 26.23551 23.64658 23.81005 24.72989 21.06077 14.38026 8.955371 4.884802 2.669161 4.222625 5.12763 6.066339 8.018686 7.846229 3.817997 0.7646863 4.317784 7.152715 5.622267 3.893378 2.602791 1.025886 0 0 0 0 0 0 0 0.6839644 5.960929 11.07823 8.221999 7.904154 9.962653 9.179891 8.879185 5.622267 5.3915 18.17755 16.72096 5.823931 6.841383 7.427471 9.111915 9.253439 7.015211 11.79554 11.61605 6.688652 9.179891 9.582811 7.602386 10.41916 7.549599 5.194883 6.941267 13.84962 13.76738 9.547472 5.883046 11.49144 16.27745 17.77627
11.51552 7.326674 6.576058 7.549599 8.547325 11.17815 9.872017 12.16831 14.07387 8.399872 3.98193 2.464664 1.232903 1.081366 3.996495 5.642766 6.610914 8.180371 10.49936 9.541569 5.466009 4.371216 4.591266 2.41686 0 0 0 0 0 0 0 0 0 0 1.367734 5.642766 10.31116 6.362772 8.263406 10.20192 8.263406 9.565159 8.018686 11.0279 18.77116 12.20444 2.161961 3.415931 7.549599 10.1413 10.68918 8.270286 13.30657 15.23199 8.487331 10.48871 10.41916 9.130507 11.04303 8.51405 7.846229 11.8049 14.45103 7.271794 2.899475 4.317784 12.34775 18.92914 23.77904
8.075312 5.161368 4.12524 3.817997 4.1533 8.221999 10.75682 13.68852 9.099497 1.367734 0 0 0.6839644 2.079382 0.7646863 1.709485 5.549908 6.253308 8.487331 11.49144 10.50469 7.511657 6.169895 4.1533 1.081366 0.3419944 0 0 0 0 0 0 0.3419944 0.4836473 1.709485 5.305035 7.639856 5.591373 8.955371 12.8862 10.02445 10.27307 12.07747 14.90681 14.89248 9.012061 7.015211 8.054126 6.169895 6.262506 9.099497 11.28201 16.80794 17.02908 5.466009 9.099497 10.50469 8.386331 9.826361 11.72977 12.87347 13.3799 9.210612 1.9339 3.98193 8.263406 14.00087 13.43258 12.61154
9.962653 7.1045 7.015211 7.82439 8.652894 9.843509 10.27307 13.82618 7.691994 0 0 0 0 1.025886 1.743318 3.38168 6.141831 5.622267 6.705801 10.2403 11.64935 7.602386 5.673373 4.641501 1.232903 0.4836473 0 0 0 0 0 0.6839644 1.081366 0.9672257 1.409811 4.371216 5.217103 4.578619 5.497625 12.56365 13.25331 11.06316 14.54353 16.31604 16.0008 16.59573 20.02928 19.30766 16.23874 15.28771 16.61773 18.50762 19.35688 16.20963 5.497625 9.374647 12.2584 8.547325 6.782412 9.416676 11.24257 9.768966 4.8491 2.464664 8.487331 14.89248 18.00534 15.79195 12.97067
7.602386 7.639856 8.652894 9.35054 10.73606 10.37611 7.846229 10.68918 7.458199 0.3419944 0 0 0 1.367734 3.483415 5.161368 6.253308 3.98193 2.161961 8.103468 11.79554 9.768966 6.756975 4.740348 1.409811 0.3419944 0 0 0 0 1.709485 3.893378 3.415931 2.41686 2.919506 2.079382 2.41686 3.056026 2.161961 7.639856 11.96743 13.4447 16.93431 18.35324 19.27909 22.07455 23.2103 22.03343 20.84223 21.09765 22.22298 18.68204 13.76738 11.3213 3.483415 6.132447 12.45402 12.78398 7.015211 5.07089 5.326786 3.565957 3.863405 4.167259 10.09696 15.94147 17.29162 18.57328 20.49164
2.29297 2.188793 3.149892 4.578619 6.280859 6.610914 7.75113 8.847235 5.642766 0.4836473 0 0 1.367734 4.776879 4.967091 2.755154 4.591266 3.483415 3.817997 4.920241 9.326366 12.66788 10.85999 7.511657 3.093917 0.3419944 0 0 0 0 3.516667 4.825149 4.450144 4.167259 1.709485 0.6839644 2.161961 3.817997 4.920241 7.75113 11.38482 14.09301 17.99113 20.5991 20.34716 18.0167 15.38463 16.36733 17.68358 14.97821 11.00264 6.576058 5.549908 8.180371 3.149892 1.367734 6.216378 11.45764 8.904657 2.755154 5.863409 8.808731 9.130507 5.497625 11.47214 19.51124 16.78625 14.49922 15.38463
0.3419944 0.4836473 1.993372 3.415931 4.111136 5.194883 7.080265 5.883046 2.733911 0.3419944 1.709485 4.437088 7.015211 7.997343 3.694151 2.817917 5.622267 6.425737 5.116333 0.7646863 5.497625 10.90606 10.81885 8.980614 6.216378 2.079382 0 0 0 0.3419944 5.206005 6.782412 5.326786 6.80775 6.782412 4.317784 4.825149 5.823931 6.028227 7.357841 9.872017 11.34578 13.28611 15.61362 15.09516 11.76271 9.124314 11.34089 13.31882 10.17992 1.709485 2.817917 3.893378 6.54101 3.38168 0 2.9394 8.386331 12.41429 10.58946 11.3213 13.10455 12.78398 13.30657 17.08078 20.55382 15.01731 14.13501 14.48071
2.488221 3.565957 5.823931 8.221999 9.130507 9.130507 9.59456 5.07089 0.3419944 1.709485 6.132447 8.075312 6.253308 2.079382 4.12524 5.194883 3.056026 3.678374 2.817917 2.899475 3.149892 9.629713 10.22935 6.335589 5.497625 3.996495 0.6839644 0 0 0.4836473 7.080265 8.821585 4.578619 3.98193 5.951251 7.691994 5.863409 3.364422 1.709485 2.188793 3.893378 5.883046 6.841383 7.846229 7.846229 7.846229 7.015211 9.130507 9.099497 12.8862 7.152715 2.899475 5.549908 5.863409 2.669161 0.4836473 1.709485 7.488795 15.83199 16.64596 12.93274 14.54353 16.51054 20.69398 25.48358 23.48734 18.34215 18.80075 18.79268
7.357841 9.962653 10.68918 11.80022 13.82618 16.01395 12.14567 5.326786 0.3419944 2.669161 5.784175 3.817997 7.639856 10.89584 12.64191 9.030873 4.317784 3.223003 3.630626 2.079382 5.79414 9.565159 8.904657 4.920241 4.450144 4.277265 1.743318 0.3419944 1.025886 0.9672257 7.232328 8.50738 4.825149 8.208148 10.28942 7.176695 4.344583 3.565957 1.743318 0.9672257 0.6839644 2.29297 5.326786 6.028227 4.920241 4.553219 3.996495 7.176695 6.094761 14.16926 14.06621 11.7439 9.957014 7.216478 2.669161 1.232903 1.743318 7.015211 17.56685 19.36981 13.10455 13.76738 19.23743 25.70715 29.33624 27.16824 24.69145 25.62605 26.08148
12.66355 12.36109 7.549599 3.996495 8.208148 17.12623 15.12335 6.39883 1.409811 2.464664 4.641501 10.88049 13.41639 12.07747 10.44061 8.847235 8.904657 8.593681 7.015211 5.305035 4.096984 5.497625 7.846229 7.882484 6.253308 4.371216 1.841084 0.3419944 2.079382 1.409811 4.641501 8.159473 8.961689 10.17992 8.270286 4.740348 2.41686 1.841084 2.41686 1.409811 0.4836473 1.5291 6.066339 5.497625 4.111136 5.951251 6.54979 6.470324 3.694151 9.161406 11.31639 10.77754 8.221999 5.036533 3.565957 3.893378 2.188793 6.714357 17.39881 21.06769 17.90272 20.16459 23.61525 26.2155 25.60354 24.32069 26.12181 26.10166 22.65374
11.51552 13.28611 9.91178 4.167259 9.774722 14.80976 12.6289 7.481159 6.362772 2.9394 2.669161 8.821585 5.622267 3.98193 2.051114 1.709485 4.967091 8.547325 7.882484 4.111136 2.392597 6.335589 9.374647 10.94175 9.6414 6.39883 2.41686 1.409811 1.993372 1.709485 1.5291 4.967091 5.3915 5.455429 4.317784 3.630626 2.488221 0.4836473 1.841084 2.188793 0.6839644 1.232903 4.489079 6.941267 7.080265 7.27966 5.326786 2.392597 0.7646863 4.641501 3.149892 1.409811 1.709485 0.7646863 0.7646863 4.111136 5.161368 9.59456 19.56489 24.04071 24.74086 26.32028 25.24803 24.70061 23.67003 20.62763 19.68678 18.68204 18.96372
9.820638 13.4447 13.43258 9.88908 12.12752 10.68918 6.610914 6.714357 10.28942 8.724687 6.891513 8.180371 3.415931 2.464664 1.5291 1.841084 2.188793 2.464664 6.362772 6.891513 5.206005 2.817917 5.833826 10.58946 11.1383 9.452539 5.294125 0.3419944 2.817917 1.993372 2.392597 3.38168 3.415931 3.893378 2.41686 1.5291 2.919506 2.41686 2.051114 3.678374 0.6839644 0.6839644 1.993372 4.437088 5.036533 3.75659 3.893378 2.188793 1.993372 4.740348 1.709485 1.232903 3.516667 2.919506 3.415931 3.241021 7.015211 16.50737 24.10166 25.35216 24.70611 22.74511 18.77116 20.08847 22.28494 16.83578 12.45843 12.19993 17.86835
6.479203 10.89584 12.02717 13.0879 11.04303 5.455429 2.188793 3.149892 6.54101 12.16831 12.49361 5.951251 4.12524 4.641501 4.920241 4.167259 2.9394 1.841084 4.553219 9.565159 7.015211 2.755154 3.223003 8.639772 9.820638 7.961637 5.951251 3.516667 1.232903 2.41686 4.450144 3.694151 3.223003 2.733911 1.5291 0.4836473 3.149892 3.415931 1.081366 3.694151 1.409811 0.3419944 0.7646863 0.7646863 2.29297 4.371216 4.920241 1.409811 1.025886 3.694151 1.5291 4.450144 6.816175 6.262506 8.290889 11.96743 17.74158 23.25648 24.53862 22.46937 19.76749 18.24474 18.60599 24.35067 24.55342 11.26724 8.386331 8.263406 14.3316
4.317784 6.54979 8.208148 9.111915 8.639772 7.706822 5.804088 5.161368 4.450144 9.843509 14.93542 4.450144 1.5291 2.669161 4.111136 3.98193 2.755154 3.630626 1.841084 9.326366 9.25954 3.241021 3.241021 10.28942 10.00203 4.641501 5.863409 5.549908 1.409811 2.161961 3.483415 1.232903 1.5291 1.5291 0.6839644 0.7646863 3.694151 2.9394 1.5291 2.9394 1.025886 1.409811 1.5291 0 2.669161 4.920241 3.415931 1.841084 2.41686 3.364422 4.111136 7.882484 7.511657 6.782412 9.374647 14.52878 20.20617 20.3181 18.93979 18.31717 16.26456 14.52878 17.83676 24.83195 25.97178 15.35701 5.883046 6.705801 15.63055
6.941267 3.893378 2.464664 5.951251 9.161406 9.629713 7.669694 7.1045 5.497625 10.68918 13.69248 2.899475 1.993372 1.993372 1.841084 2.919506 5.194883 4.8491 2.41686 7.427471 11.22279 5.497625 5.161368 9.872017 7.691994 2.755154 7.232328 6.714357 2.488221 2.161961 1.841084 0 0 0 0 1.5291 3.98193 1.993372 2.188793 2.188793 0 1.232903 1.709485 0.3419944 3.223003 5.3915 2.602791 1.409811 3.694151 4.437088 5.294125 6.54979 5.206005 4.641501 7.326674 12.93696 15.20754 12.2584 13.37177 15.2285 14.90681 11.49144 13.49307 25.13075 34.18261 32.03038 17.12321 11.68727 12.20894
